input/papers/2000/2000PhDT.........6P/tev-000049-lc.ecsv
# %ECSV 0.9
# ---
# datatype:
# - {name: time, unit: MJD, datatype: float64}
# - {name: flux, unit: Crab, datatype: float32}
# - {name: flux_err, unit: Crab, datatype: float32}
# - {name: flux_ul, datatype: float32}
# meta: !!omap
# - COMMENT: [Mrk 421]
# - {data_type: lc}
# - {source_id: 49}
# - {telescope: CAT}
# - {reference_id: 2000PhDT.........6P}
time flux flux_err flux_ul
50432.0 nan nan 0.662426
50461.0 nan nan 0.671964
50462.0 0.252087 0.180619 nan
50463.0 nan nan 0.611511
50510.0 0.325302 0.17276 nan
50511.0 nan nan 0.663165
50512.0 0.429616 0.203053 nan
50514.0 nan nan 0.755053
50515.0 nan nan 0.791996
50520.0 nan nan 0.909542
50537.0 nan nan 0.861852
50540.0 nan nan 0.649865
50542.0 0.392203 0.256117 nan
50544.0 0.344781 0.293396 nan
50550.0 0.486307 0.281306 nan
50568.0 0.393412 0.317712 nan
50806.0 nan nan 1.00607
50811.0 nan nan 0.458902
50819.0 1.02756 0.249333 nan
50820.0 1.55457 0.244967 nan
50835.0 0.432572 0.277679 nan
50836.0 nan nan 0.782189
50837.0 0.415443 0.23469 nan
50869.0 nan nan 1.11313
50875.0 nan nan 0.430355
50878.0 nan nan 1.36428
50892.0 0.397173 0.202113 nan
50893.0 0.348408 0.154893 nan
50894.0 0.639723 0.186731 nan
50896.0 nan nan 0.614467
50897.0 1.23995 0.167991 nan
50899.0 nan nan 0.46038
50900.0 nan nan 0.426594
50901.0 nan nan 0.463806
50922.0 0.626356 0.264178 nan
50923.0 0.556029 0.177193 nan
50924.0 0.537558 0.181828 nan
50925.0 0.680562 0.149587 nan
50927.0 0.600025 0.333497 nan
50928.0 0.90652 0.213532 nan
50929.0 0.284799 0.199628 nan
50932.0 0.848015 0.677808 nan
50954.0 nan nan 1.68925
50956.0 nan nan 2.20719
51133.0 nan nan 1.27689
51134.0 1.33607 0.60513 nan
51137.0 0.883212 0.373933 nan
51138.0 0.893556 0.33081 nan
51141.0 0.677405 0.362245 nan
51170.0 1.43528 0.633476 nan
51175.0 0.411816 0.188814 nan
51176.0 nan nan 0.751291
51192.0 nan nan 0.734835
51193.0 nan nan 0.517675
51194.0 nan nan 0.859703
51197.0 nan nan 0.619101
51198.0 nan nan 0.366074
51201.0 0.281306 0.246378 nan
51202.0 nan nan 0.933253
51203.0 0.640327 0.24349 nan
51204.0 nan nan 0.66518
51223.0 nan nan 0.767949
51224.0 nan nan 0.825178
51257.0 0.591159 0.39677 nan
51282.0 nan nan 1.11878
51287.0 0.405368 0.354051 nan
51518.0 nan nan 0.917267
51519.0 nan nan 0.634685
51520.0 nan nan 0.208158
51521.0 nan nan 0.955083
51526.0 0.617825 0.286344 nan
51529.0 nan nan 0.122047
51546.0 0.401942 0.287889 nan
51547.0 nan nan 0.659
51550.0 0.328325 0.166782 nan
51554.0 1.88222 0.233213 nan
51555.0 1.63034 0.167454 nan
51556.0 0.973488 0.150393 nan
51560.0 1.02057 0.177395 nan
51572.0 nan nan 0.770905
51574.0 0.936007 0.195866 nan
51575.0 nan nan 0.623871
51578.0 1.27427 0.142668 nan
51580.0 0.63717 0.245975 nan
51584.0 0.573023 0.132257 nan
51599.0 nan nan 0.855605
51600.0 0.66921 0.286612 nan
51601.0 nan nan 1.24089
51602.0 nan nan 0.293665
51603.0 0.383135 0.220383 nan
51606.0 0.54273 0.206479 nan
51608.0 0.50854 0.377358 nan
51609.0 0.532251 0.23375 nan
51611.0 0.677203 0.263842 nan
51612.0 0.237444 0.187403 nan
51613.0 nan nan 0.814632
51614.0 nan nan 0.83841
51615.0 0.46085 0.233078 nan
51632.0 nan nan 0.655306
51633.0 0.364126 0.340818 nan
51641.0 nan nan 0.601033
51660.0 0.406376 0.320869 nan
51665.0 1.46409 0.211047 nan
51666.0 0.463403 0.189552 nan
51667.0 1.12999 0.290978 nan
51695.0 nan nan 1.46295
51698.0 nan nan 2.10113
51699.0 1.25862 0.725364 nan
51579.0 1.89673 0.1559 nan
