input/papers/2000/2000PhDT.........6P/tev-000049-lc.ecsv
# %ECSV 0.9
# ---
# datatype:
# - {name: time, unit: MJD, datatype: float64}
# - {name: flux, unit: Crab, datatype: float32}
# - {name: flux_err, unit: Crab, datatype: float32}
# - {name: is_ul, unit: none, datatype: bool}
# meta: !!omap
# - COMMENT: [Mrk 421]
# - {data_type: lc}
# - {source_id: 49}
# - {telescope: CAT}
# - {reference_id: 2000PhDT.........6P}
time flux flux_err is_ul
50432.0 0.662426 nan True
50461.0 0.671964 nan True
50462.0 0.252087 0.180619 False
50463.0 0.611511 nan True
50510.0 0.325302 0.17276 False
50511.0 0.663165 nan True
50512.0 0.429616 0.203053 False
50514.0 0.755053 nan True
50515.0 0.791996 nan True
50520.0 0.909542 nan True
50537.0 0.861852 nan True
50540.0 0.649865 nan True
50542.0 0.392203 0.256117 False
50544.0 0.344781 0.293396 False
50550.0 0.486307 0.281306 False
50568.0 0.393412 0.317712 False
50806.0 1.00607 nan True
50811.0 0.458902 nan True
50819.0 1.02756 0.249333 False
50820.0 1.55457 0.244967 False
50835.0 0.432572 0.277679 False
50836.0 0.782189 nan True
50837.0 0.415443 0.23469 False
50869.0 1.11313 nan True
50875.0 0.430355 nan True
50878.0 1.36428 nan True
50892.0 0.397173 0.202113 False
50893.0 0.348408 0.154893 False
50894.0 0.639723 0.186731 False
50896.0 0.614467 nan True
50897.0 1.23995 0.167991 False
50899.0 0.46038 nan True
50900.0 0.426594 nan True
50901.0 0.463806 nan True
50922.0 0.626356 0.264178 False
50923.0 0.556029 0.177193 False
50924.0 0.537558 0.181828 False
50925.0 0.680562 0.149587 False
50927.0 0.600025 0.333497 False
50928.0 0.90652 0.213532 False
50929.0 0.284799 0.199628 False
50932.0 0.848015 0.677808 False
50954.0 1.68925 nan True
50956.0 2.20719 nan True
51133.0 1.27689 nan True
51134.0 1.33607 0.60513 False
51137.0 0.883212 0.373933 False
51138.0 0.893556 0.33081 False
51141.0 0.677405 0.362245 False
51170.0 1.43528 0.633476 False
51175.0 0.411816 0.188814 False
51176.0 0.751291 nan True
51192.0 0.734835 nan True
51193.0 0.517675 nan True
51194.0 0.859703 nan True
51197.0 0.619101 nan True
51198.0 0.366074 nan True
51201.0 0.281306 0.246378 False
51202.0 0.933253 nan True
51203.0 0.640327 0.24349 False
51204.0 0.66518 nan True
51223.0 0.767949 nan True
51224.0 0.825178 nan True
51257.0 0.591159 0.39677 False
51282.0 1.11878 nan True
51287.0 0.405368 0.354051 False
51518.0 0.917267 nan True
51519.0 0.634685 nan True
51520.0 0.208158 nan True
51521.0 0.955083 nan True
51526.0 0.617825 0.286344 False
51529.0 0.122047 nan True
51546.0 0.401942 0.287889 False
51547.0 0.659 nan True
51550.0 0.328325 0.166782 False
51554.0 1.88222 0.233213 False
51555.0 1.63034 0.167454 False
51556.0 0.973488 0.150393 False
51560.0 1.02057 0.177395 False
51572.0 0.770905 nan True
51574.0 0.936007 0.195866 False
51575.0 0.623871 nan True
51578.0 1.27427 0.142668 False
51580.0 0.63717 0.245975 False
51584.0 0.573023 0.132257 False
51599.0 0.855605 nan True
51600.0 0.66921 0.286612 False
51601.0 1.24089 nan True
51602.0 0.293665 nan True
51603.0 0.383135 0.220383 False
51606.0 0.54273 0.206479 False
51608.0 0.50854 0.377358 False
51609.0 0.532251 0.23375 False
51611.0 0.677203 0.263842 False
51612.0 0.237444 0.187403 False
51613.0 0.814632 nan True
51614.0 0.83841 nan True
51615.0 0.46085 0.233078 False
51632.0 0.655306 nan True
51633.0 0.364126 0.340818 False
51641.0 0.601033 nan True
51660.0 0.406376 0.320869 False
51665.0 1.46409 0.211047 False
51666.0 0.463403 0.189552 False
51667.0 1.12999 0.290978 False
51695.0 1.46295 nan True
51698.0 2.10113 nan True
51699.0 1.25862 0.725364 False
51579.0 1.89673 0.1559 False
