input/data/2012/2012ApJ...746..151A/tev-000058-lc.ecsv
# %ECSV 0.9
# ---
# datatype:
# - {name: time, unit: MJD, datatype: float64}
# - {name: livetime, unit: days, datatype: float64}
# - {name: e_min, unit: TeV, datatype: float64}
# - {name: flux, unit: cm-2 s-1, datatype: float64}
# - {name: flux_err, unit: cm-2 s-1, datatype: float64}
# meta: !!omap
# - data_type: lc
# - source_id: 58
# - reference_id: 2012ApJ...746..151A
# - telescope: veritas, magic, hess
# - {SED_TYPE: flux}
time livetime e_min flux flux_err
53114.0     0.0202597  0.35   2.80811e-12    1.52328e-12  
53114.9     0.0411745  0.35   1.85511e-12    1.02283e-12  
53115.9     0.0845801  0.35  -2.14990e-13    8.09160e-13  
53116.9     0.0831771  0.35   1.35695e-12    7.24403e-13  
53117.9     0.0529844  0.35  -1.40126e-13    1.06938e-12  
53118.9     0.0315750  0.35   1.03533e-12    1.34210e-12  
53120.9     0.0219683  0.35   2.70594e-13    1.26181e-12  
53133.8     0.0410910  0.35   1.32804e-13    9.29238e-13  
53135.8     0.0411986  0.35  -1.00302e-13    9.63951e-13  
53136.8     0.0421149  0.35   6.91433e-13    9.69898e-13  
53138.8     0.0201968  0.35   1.33118e-13    1.37352e-12  
53139.8     0.0201986  0.35   2.91263e-12    1.41319e-12  
53141.8     0.0411820  0.35   8.02026e-13    8.69873e-13  
53142.9     0.0436525  0.35   1.46269e-12    1.14239e-12  
53145.8     0.0202220  0.35   4.26774e-14    9.88191e-13  
53146.8     0.0449891  0.35  -5.82202e-13    8.08574e-13  
53412.1     0.0320000  0.35   1.95936e-12    1.54669e-12  
53413.1     0.0190000  0.35   6.46186e-13    1.85249e-12  
53414.1     0.0205000  0.35  -4.08254e-13    1.43045e-12  
53437.1     0.0205000  0.35   1.41381e-11    3.86151e-12  
53438.1     0.0200000  0.35   4.72223e-13    4.51680e-12  
53439.1     0.0575000  0.35   8.31851e-12    2.24904e-12  
53440.1     0.0300000  0.35   6.12902e-12    2.46617e-12  
53441.1     0.0310000  0.35   2.67316e-12    2.10758e-12  
53443.1     0.0425000  0.35   1.28847e-12    1.77344e-12  
53444.1     0.0100000  0.35   1.21930e-12    5.47633e-12  
53457.1       13.0250  0.35   7.70000e-13    6.90000e-13  
53461.9    0.00950000  0.35   9.22603e-12    5.53354e-12  
53463.0    0.00500000  0.35   6.95333e-12    5.18769e-12  
53463.9    0.00950000  0.35   3.03981e-12    3.97333e-12  
53464.9    0.00950000  0.35   1.83871e-12    3.13862e-12  
53490.9     0.0370000  0.35   7.91025e-12    2.24514e-12  
53491.9     0.0415000  0.35   8.23010e-12    1.87979e-12  
53493.9     0.0420000  0.35   1.87251e-12    1.23152e-12  
53494.9     0.0420000  0.35  -3.14122e-13    9.83971e-13  
53498.4      0.500000  0.35   1.94000e-12    1.90000e-12  
53501.8     0.0205000  0.35   9.50427e-13    1.29159e-12  
53504.9     0.0205000  0.35  -1.36856e-12    1.59297e-12  
53734.7      0.545000  0.35   5.10000e-13    5.20000e-13  
53751.7       14.5000  0.35   9.20000e-13    4.50000e-13  
53780.6       12.5100  0.35   1.48000e-12    4.70000e-13  
53810.6       13.5050  0.35   5.70000e-13    3.90000e-13  
53827.5      0.540000  0.35   1.27000e-12    1.11000e-12  
53846.9    0.00979845  0.35   7.81732e-13    2.31577e-12  
53848.9     0.0203173  0.35   2.04980e-12    1.62215e-12  
53849.9    0.00979698  0.35   3.18769e-12    2.45031e-12  
53871.8     0.0301506  0.35  -3.47265e-13    1.18804e-12  
53880.9       2.01000  0.35   5.70000e-13    5.90000e-13  
54095.7       4.55000  0.35   1.12000e-12    3.80000e-13  
54143.4     0.0190596  0.35  -4.94291e-13    1.75146e-12  
54146.4     0.0759871  0.35   2.19995e-12    9.55246e-13  
54147.2       3.08000  0.35   1.31000e-12    3.90000e-13  
54147.4     0.0299018  0.35   1.55608e-12    1.52533e-12  
54148.4     0.0630447  0.35   2.71509e-12    1.23400e-12  
54152.4     0.0527699  0.35   1.19220e-12    1.12923e-12  
54153.3    0.00695729  0.35   4.48041e-12    3.85051e-12  
54154.4     0.0606632  0.35   7.82595e-13    1.05576e-12  
54156.4     0.0447394  0.35   9.83170e-13    1.28667e-12  
54171.3     0.0730875  0.35   2.76168e-13    9.43728e-13  
54172.3     0.0593131  0.35   2.97383e-13    1.08423e-12  
54173.4     0.0919763  0.35   2.62312e-12    1.02285e-12  
54174.3     0.0290411  0.35   7.87099e-14    1.48881e-12  
54175.3     0.0299725  0.35   6.20022e-12    2.01282e-12  
54176.3     0.0295554  0.35   8.97394e-13    1.51616e-12  
54177.3     0.0596085  0.35   2.14623e-13    1.07683e-12  
54178.3     0.0296551  0.35   5.23386e-12    1.94712e-12  
54179.3     0.0325262  0.35   9.14636e-13    1.51983e-12  
54198.3     0.0142640  0.35   2.25238e-12    2.21595e-12  
54201.2     0.0363682  0.35   1.06486e-13    1.15870e-12  
54201.5       4.58000  0.35   1.49000e-12    5.90000e-13  
54204.2     0.0520907  0.35   1.23936e-12    1.29916e-12  
54205.2     0.0289061  0.35   3.98673e-12    1.81359e-12  
54208.3     0.0298616  0.35   2.23809e-12    1.82263e-12  
54234.0       6.00000  0.35   7.80000e-13    7.20000e-13  
54448.5     0.0219403  0.35  -2.16822e-12    1.47747e-12  
54453.5     0.0219782  0.35  -1.17384e-12    1.65285e-12  
54468.2     0.0218850  0.35   3.74239e-12    2.10217e-12  
54469.1     0.0189300  0.35   2.92317e-12    2.63307e-12  
54470.1     0.0131600  0.35   5.13994e-12    3.17682e-12  
54474.5     0.0508576  0.35   1.79232e-12    1.42502e-12  
54476.5     0.0345835  0.35  -1.06238e-12    1.84592e-12  
54477.5     0.0296344  0.35   1.84491e-12    1.62382e-12  
54479.5     0.0344769  0.35   1.23725e-12    1.64537e-12  
54480.5     0.0289845  0.35  -1.12010e-12    1.76195e-12  
54495.2     0.0329000  0.35   3.77542e-12    2.29372e-12  
54497.2     0.0358500  0.35   1.67551e-11    2.51941e-12  
54498.2     0.0402000  0.35   6.10724e-12    1.85968e-12  
54498.4     0.0815021  0.35   2.56973e-12    1.13643e-12  
54499.0     0.0202881  0.35   2.64049e-12    4.55879e-12  
54499.5     0.0749591  0.35   2.22714e-12    1.19734e-12  
54500.2     0.0411000  0.35   4.64904e-12    1.80815e-12  
54501.0     0.0341854  0.35   2.84838e-12    1.95724e-12  
54501.2     0.0179000  0.35   9.52867e-12    3.05974e-12  
54502.2     0.0232500  0.35  -1.21475e-12    2.00043e-12  
54503.2    0.00565000  0.35  -6.11005e-12    4.15736e-12  
54503.5     0.0362273  0.35   1.60310e-12    1.68244e-12  
54504.2     0.0243000  0.35   1.29478e-11    3.05372e-12  
54505.4     0.0434944  0.35   4.41971e-12    1.63580e-12  
54506.4     0.0629497  0.35   5.61800e-12    1.89745e-12  
54507.2     0.0432500  0.35   6.71495e-12    1.97420e-12  
54508.4     0.0231721  0.35   9.64775e-12    2.65859e-12  
54509.4     0.0215445  0.35   3.88874e-12    2.27008e-12  
54523.1     0.0527900  0.35   5.35264e-13    7.87888e-13  
54525.1     0.0103400  0.35  -3.23001e-12    2.13645e-12  
54526.0    0.00449000  0.35  -3.54241e-12    4.42790e-12  
54527.0     0.0103000  0.35  -1.14091e-12    2.34298e-12  
54527.4     0.0214142  0.35   1.96155e-12    2.14505e-12  
54528.4     0.0362221  0.35   1.26953e-12    1.58312e-12  
54529.4     0.0367163  0.35  -6.23643e-13    1.36912e-12  
54530.4     0.0382656  0.35   2.96752e-12    1.65770e-12  
54534.0     0.0517915  0.35  -6.99815e-13    1.25516e-12  
54536.4     0.0433593  0.35  -1.49693e-12    1.13236e-12  
54537.3    0.00695859  0.35   2.26044e-13    3.17415e-12  
54538.8     0.0230950  0.35  -2.17255e-13    1.38489e-12  
54539.8     0.0244550  0.35   1.63005e-12    1.43374e-12  
54552.9    0.00541000  0.35   3.29263e-12    3.52872e-12  
54556.3     0.0214590  0.35  -1.24836e-12    1.52493e-12  
54557.4     0.0380517  0.35  -3.27981e-13    1.55585e-12  
54557.8     0.0211450  0.35  -2.43403e-12    2.72713e-12  
54559.9     0.0482458  0.35   1.76685e-12    1.08619e-12  
54560.3     0.0481000  0.35   8.63500e-13    1.33927e-12  
54562.9     0.0519638  0.35  -7.16397e-13    9.43204e-13  
54563.3     0.0425152  0.35   1.23336e-12    1.64336e-12  
54567.9     0.0353850  0.35   5.21669e-13    1.26975e-12  
54568.4    0.00695917  0.35  -7.67155e-13    2.76837e-12  
54587.9     0.0412823  0.35   1.82499e-12    1.32705e-12  
54590.9     0.0611043  0.35   8.50989e-13    1.14367e-12  
54593.8     0.0203166  0.35   1.24865e-13    1.58418e-12  
54833.5     0.0100000  0.35   9.69360e-13    1.07807e-12  
54858.5     0.0100000  0.35  -5.14704e-13    6.78521e-13  
54861.5     0.0100000  0.35  -5.47578e-13    6.13045e-13  
54867.5     0.0100000  0.35   6.89241e-13    1.04770e-12  
54868.5     0.0100000  0.35   1.04915e-12    1.57825e-12  
54882.5     0.0100000  0.35   1.05738e-12    9.97889e-13  
54888.5     0.0100000  0.35   1.82591e-12    1.27641e-12  
54914.5     0.0100000  0.35   1.26479e-12    8.61524e-13  
54917.5     0.0100000  0.35   5.85847e-13    8.40294e-13  
54922.5     0.0100000  0.35   1.06768e-12    6.51134e-13  
54940.5     0.0100000  0.35   8.84837e-13    8.68717e-13  
54942.5     0.0100000  0.35   1.20482e-12    8.08720e-13  
54945.5     0.0100000  0.35   1.94482e-12    9.25867e-13  
54948.5     0.0100000  0.35   1.49632e-12    8.28883e-13  
54965.5     0.0100000  0.35   3.81936e-13    6.60468e-13  
54968.5     0.0100000  0.35   7.47203e-13    6.92280e-13  
54974.5     0.0100000  0.35   3.42694e-12    1.62276e-12  
54975.5     0.0100000  0.35  -1.23627e-12    1.01837e-12  
54976.5     0.0100000  0.35  -1.57199e-12    1.07011e-12  
55181.5    0.00900000  0.35   4.04900e-12    2.38100e-12  
55207.2     0.0156750  0.35   2.53000e-12    2.56400e-12  
55211.5     0.0140000  0.35   5.07600e-13    1.06800e-12  
55221.5     0.0140000  0.35   5.02400e-13    2.08700e-12  
55234.3     0.0162550  0.35  -9.12700e-13    1.19400e-12  
55236.1     0.0687150  0.35   8.80700e-12    1.60300e-12  
55238.2     0.0393600  0.35   1.92600e-12    2.51100e-12  
55239.1    0.00977209  0.35   4.56732e-12    3.13086e-12  
55239.2     0.0552700  0.35   5.13600e-12    1.93200e-12  
55239.4     0.0450000  0.35   2.04400e-12    1.70900e-12  
55240.1     0.0161300  0.35   9.41100e-13    1.64700e-12  
55240.4     0.0510000  0.35   1.82300e-12    9.12200e-13  
55241.4     0.0220000  0.35   2.19000e-12    1.11900e-12  
55242.4     0.0290000  0.35   3.54900e-12    1.74500e-12  
55243.4     0.0150000  0.35   2.89100e-12    1.37300e-12  
55265.3     0.0150000  0.35   1.76200e-12    1.15500e-12  
55267.3     0.0210000  0.35   8.61700e-13    1.05300e-12  
55268.2     0.0207950  0.35   3.16500e-12    2.23900e-12  
55270.3     0.0210000  0.35       0.00000    1.43600e-12  
55273.3     0.0140000  0.35   1.79400e-12    1.61000e-12  
55277.0     0.0104750  0.35   1.35100e-12    2.38400e-12  
55291.2     0.0210000  0.35   3.12200e-12    1.55200e-12  
55292.1     0.0353200  0.35   4.52000e-12    2.01600e-12  
55292.2     0.0150000  0.35   5.43800e-12    1.73900e-12  
55294.2     0.0280000  0.35   9.06300e-12    1.83200e-12  
55295.1     0.0376550  0.35   1.60300e-11    2.60400e-12  
55295.3      0.104000  0.35   1.40900e-11    1.23400e-12  
55295.9     0.0415375  0.35   2.68094e-11    3.90175e-12  
55296.3      0.167000  0.35   1.34400e-11    1.10300e-12  
55296.9     0.0414965  0.35   6.30229e-12    2.04123e-12  
55297.1     0.0429400  0.35   5.50200e-12    2.37100e-12  
55297.3      0.140000  0.35   5.27800e-12    8.18700e-13  
55297.9     0.0415945  0.35   3.91948e-12    1.97579e-12  
55298.0     0.0656950  0.35   9.51200e-13    1.35100e-12  
55298.2     0.0370000  0.35   5.60700e-13    8.44600e-13  
55299.0     0.0204132  0.35  -1.19397e-12    2.21102e-12  
55299.2     0.0370000  0.35   3.50600e-12    1.03100e-12  
55300.2     0.0370000  0.35   2.69600e-12    9.82500e-13  
55301.3     0.0430000  0.35   2.56300e-12    8.99900e-13  
55303.2     0.0220000  0.35   1.52100e-13    9.25000e-13  
55304.0     0.0310164  0.35   2.66452e-13    1.96718e-12  
55304.0     0.0510300  0.35   5.61100e-13    2.15800e-12  
55304.3     0.0230000  0.35  -3.02400e-13    5.75800e-13  
55321.9     0.0310531  0.35   3.73906e-12    1.75022e-12  
55322.0     0.0152100  0.35  -2.47200e-13    2.19300e-12  
55322.2     0.0220000  0.35   6.55000e-13    1.61200e-12  
55323.2     0.0220000  0.35   7.85600e-13    8.78700e-13  
55325.2     0.0290000  0.35   1.81000e-12    9.63800e-13  
55325.8     0.0203615  0.35   3.24753e-12    2.60704e-12  
55327.2     0.0150000  0.35   2.99400e-12    1.55800e-12  
55330.2     0.0140000  0.35   9.88400e-13    1.38600e-12  
55332.3     0.0140000  0.35   1.62400e-12    1.85100e-12  
55337.0    0.00693500  0.35   2.04400e-14    3.21600e-12  
55354.0     0.0236050  0.35   5.27800e-13    2.70600e-12  
55363.0     0.0213750  0.35   3.63300e-12    2.58500e-12  
