input/data/2005/2005A%26A...430..865A/tev-000147-sed.ecsv
# %ECSV 0.9
# ---
# datatype:
# - {name: e_ref, unit: TeV, datatype: float64}
# - {name: e_ref_err, unit: TeV, datatype: float64}
# - {name: dnde, unit: 1 / (cm2 s TeV), datatype: float64}
# - {name: dnde_errn, unit: 1 / (cm2 s TeV), datatype: float64}
# - {name: dnde_errp, unit: 1 / (cm2 s TeV), datatype: float64}
# meta: !!omap
# - {data_type: sed}
# - {source_id: '147'}
# - {reference_id: 2005A&A...430..865A}
e_ref e_ref_err dnde dnde_errn dnde_errp
0.407063011756 0.0 2.21120054556e-10 6.72478932125e-12 6.72478932125e-12
0.542694711202 0.0 1.03219721646e-10 5.23356198579e-12 5.23356198579e-12
0.724238104012 0.0 2.70959983043e-11 4.03996041731e-12 4.03996041731e-12
0.965525410671 0.0 1.12620280158e-11 4.09356255433e-12 4.09356255433e-12
1.28715207755 0.0 9.5489688153e-12 5.78720856452e-12 5.78720856452e-12
1.71619870129 0.0 4.80430888998e-12 4.40829679733e-12 4.40829679733e-12
2.28840139172 0.0 2.36410192358e-12 6.92876198318e-12 6.92876198318e-12
3.05177941878 0.0 8.48103642835e-13 4.84331766155e-12 4.84331766155e-12
4.07019191008 0.0 3.55709780393e-13 6.12428113663e-12 6.12428113663e-12
0.406347949307 0.0 1.02259976786e-10 5.03744127659e-12 5.03744127659e-12
0.541722819805 0.0 4.27169959061e-11 3.61346577547e-12 3.61346577547e-12
0.722956057234 0.0 1.60492740848e-11 3.09514567559e-12 3.09514567559e-12
0.963817362751 0.0 5.91375410903e-12 3.06551110456e-12 3.06551110456e-12
1.28486918747 0.0 4.03759458151e-12 3.39436359598e-12 3.39436359598e-12
1.71315901835 0.0 1.02904136487e-12 3.6240949288e-12 3.6240949288e-12
0.405082037781 0.0 5.4082203445e-11 1.04932877186e-12 1.04932877186e-12
0.539998255186 0.0 2.42305257705e-11 8.31731044697e-13 8.31731044697e-13
0.720681482723 0.0 6.75201411869e-12 6.88525886816e-13 6.88525886816e-13
0.960790038728 0.0 3.36135178273e-12 5.76379698002e-13 5.76379698002e-13
1.28082873752 0.0 8.3463501111e-13 5.15573012696e-13 5.15573012696e-13
1.70777022595 0.0 2.48435893488e-13 4.78028461417e-13 4.78028461417e-13
2.27713997827 0.0 8.7979924332e-14 4.69226684431e-13 4.69226684431e-13
0.228280177301 0.0 2.3001861995e-10 1.63211721213e-12 1.63211721213e-12
0.304595222818 0.0 7.33199459736e-11 8.30351647596e-13 8.30351647596e-13
0.405888914766 0.0 3.48999990708e-11 6.58984768857e-13 6.58984768857e-13
0.541098351261 0.0 1.20999878862e-11 5.08990086354e-13 5.08990086354e-13
0.722133044998 0.0 5.68647255712e-12 4.35189871496e-13 4.35189871496e-13
0.962721386316 0.0 1.77270031267e-12 3.9662917879e-13 3.9662917879e-13
1.28340930963 0.0 7.00001629516e-13 3.91466218061e-13 3.91466218061e-13
1.71121103962 0.0 3.73033499433e-13 3.58814994085e-13 3.58814994085e-13
2.28173062884 0.0 6.88854143072e-14 3.05289697011e-13 3.05289697011e-13
0.228123020719 0.0 2.52886126455e-10 1.24225387326e-12 1.24225387326e-12
0.304388039329 0.0 9.20111914744e-11 7.71213380437e-13 7.71213380437e-13
0.405615950567 0.0 4.11882566832e-11 6.30841860419e-13 6.30841860419e-13
0.540726134288 0.0 1.41556877502e-11 5.1705848343e-13 5.1705848343e-13
0.721640900769 0.0 6.49459483275e-12 4.68686808545e-13 4.68686808545e-13
0.962067965866 0.0 1.98741788621e-12 3.91524888454e-13 3.91524888454e-13
1.28252846987 0.0 3.76205071768e-13 3.81399271914e-13 3.81399271914e-13
1.71004060454 0.0 1.64223879969e-13 4.18952586533e-13 4.18952586533e-13
2.28017966121 0.0 1.59893070079e-13 3.68526162159e-13 3.68526162159e-13
0.228036165006 0.0 3.45205013365e-10 2.34107156127e-12 2.34107156127e-12
0.304271831191 0.0 1.34474317604e-10 1.58378295907e-12 1.58378295907e-12
0.405462913624 0.0 6.442794814e-11 1.52892011915e-12 1.52892011915e-12
0.540519351319 0.0 1.81435012655e-11 1.10782423618e-12 1.10782423618e-12
0.721363816931 0.0 7.03790902033e-12 8.80695716874e-13 8.80695716874e-13
0.961703988171 0.0 2.15204713965e-12 8.9553174714e-13 8.9553174714e-13
1.28204876085 0.0 6.21079233799e-13 1.21236323675e-12 1.21236323675e-12
1.70939961929 0.0 4.21594123656e-13 1.03124712524e-12 1.03124712524e-12
