input/papers/2001/2001ApJ...546..898A/tev-000091-lc.ecsv
# %ECSV 0.9
# ---
# datatype:
# - {name: time, unit: MJD, datatype: float64}
# - {name: flux, unit: Crab, datatype: float32}
# - {name: flux_err, unit: Crab, datatype: float32}
# meta: !!omap
# - COMMENT: [Mrk 421]
# - {data_type: lc}
# - {source_id: 91}
# - {telescope: HEGRA_CT_System}
# - {reference_id: 2001ApJ...546..898A}
time flux flux_err
50872.25 0.8252 0.2597
50875.23 0.5863 0.3381
50878.23 1.0939 0.2419
50880.23 1.0948 0.2303
50902.2 0.1907 0.1428
50903.18 0.2857 0.1471
50904.2 0.1362 0.1744
50905.2 0.6358 0.1952
50906.21 0.5132 0.1668
50907.19 0.5791 0.1438
50908.18 0.2172 0.146
50926.13 0.3034 0.2162
50929.14 0.2194 0.1666
50930.15 0.2343 0.1691
50931.14 0.0583 0.1808
50934.13 0.0874 0.2609
50935.14 0.4607 0.1712
50936.14 0.5236 0.1837
50937.15 0.27 0.1775
50938.18 0.5264 0.1874
50952.05 0.3004 0.1788
50953.07 0.3398 0.1439
50954.09 0.5601 0.1411
50956.07 0.1973 0.1231
50963.06 0.1799 0.1712
50964.04 0.2762 0.1783
50966.11 0.1673 0.1286
50967.11 0.3322 0.1875
50969.14 0.0773 0.6002
50980.98 0.101 0.1182
50982.0 0.2546 0.1036
50984.01 0.1661 0.0944
50984.97 0.0622 0.1175
50985.97 0.1171 0.1188
50988.0 0.1213 0.1282
50989.0 0.4536 0.1207
50989.97 0.4772 0.1366
50990.98 2.5941 0.2079
50992.02 2.3356 0.1921
50993.03 0.3888 0.1451
50994.04 0.3615 0.1779
51015.96 1.1051 0.1709
51038.94 0.3437 0.3035
51039.94 0.6712 0.3726
51040.94 0.452 0.27
51041.94 0.7154 0.3341
51042.94 0.4599 0.5447
51043.94 0.7461 0.6476
51044.93 0.0677 0.602
51049.9 0.5126 0.2969
50923.09 0.7512 nan
50927.14 0.4007 nan
50928.13 0.35 nan
50955.08 0.2504 nan
50957.07 0.2355 nan
50958.09 0.3105 nan
50965.07 0.4519 nan
50978.98 0.4401 nan
50979.97 0.3033 nan
50982.99 0.203 nan
50996.07 0.9813 nan
51022.98 0.6886 nan
51228.26 0.1728 0.2448
51229.26 1.049 0.3227
51230.26 0.6933 0.2807
51231.25 0.3636 0.2917
51232.25 0.7323 0.3077
51233.25 0.8761 0.3307
51257.22 0.1718 0.1748
51259.23 0.2597 0.1858
51260.23 0.1189 0.2048
51281.22 0.4356 0.2707
51282.22 0.3886 0.2378
51286.14 0.3616 0.1878
51287.14 0.3556 0.1868
51288.22 0.4396 0.3496
51290.09 0.3686 0.2288
51292.2 0.3037 0.1798
51313.03 0.4495 0.2527
51314.11 0.2128 0.0849
51315.1 0.2228 0.0909
51316.08 0.1079 0.1039
51318.09 0.2987 0.1399
51343.94 0.4036 0.2627
51364.93 0.2308 0.1658
