other_data_collections/2015ApJ...812...60B/BiteauWilliams2015_AllData_ASDC_v2016_12_20.ecsv
# %ECSV 0.9
# ---
# datatype:
# - {name: ra, datatype: float32, unit: deg}
# - {name: dec, datatype: float32, unit: deg}
# - {name: freq, datatype: float32, unit: Hz}
# - {name: freq_err, datatype: float32, unit: Hz}
# - {name: e2dnde, datatype: float32, unit: erg cm-2 s-1}
# - {name: e2dnde_errn, datatype: float32, unit: erg cm-2 s-1}
# - {name: e2dnde_errp, datatype: float32, unit: erg cm-2 s-1}
# - {name: mjd_start, datatype: float32, unit: MJD}
# - {name: mjd_stop, datatype: float32, unit: MJD}
# - {name: ul_flag, datatype: str}
# - {name: note, datatype: str}
# - {name: source, datatype: str}
# - {name: experiment, datatype: str}
# - {name: reference_id, datatype: str}
# meta: !!omap
# - author: J. Biteau
# - creation_date: 2016-12-20
# - dataset_reference: 2015ApJ...812...60B
ra | dec | freq | freq_err | e2dnde | e2dnde_errn | e2dnde_errp | mjd_start | mjd_stop | ul_flag | note | source | experiment | reference_id
[from data line 130]
166.114 | 38.2088 | 5.4163e+26 | 0 | 3.3523e-11 | 2.11428e-11 | 2.11428e-11 | 54405 | 55255 |  | Flux2 | Mkn421 | ARGO-YBJ | 2011ApJ...734..110B
166.114 | 38.2088 | 1.08084e+27 | 0 | 2.45219e-11 | 3.26532e-11 | 3.26532e-11 | 54405 | 55255 |  | Flux2 | Mkn421 | ARGO-YBJ | 2011ApJ...734..110B

166.114 | 38.2088 | 1.35891e+26 | 0 | 9.51351e-11 | 5.92064e-11 | 5.92064e-11 | 54405 | 55255 |  | Flux3 | Mkn421 | ARGO-YBJ | 2011ApJ...734..110B
166.114 | 38.2088 | 2.15443e+26 | 0 | 1.25413e-10 | 4.4009e-11 | 4.4009e-11 | 54405 | 55255 |  | Flux3 | Mkn421 | ARGO-YBJ | 2011ApJ...734..110B
166.114 | 38.2088 | 3.40937e+26 | 0 | 2.25837e-10 | 3.24899e-11 | 3.24899e-11 | 54405 | 55255 |  | Flux3 | Mkn421 | ARGO-YBJ | 2011ApJ...734..110B
166.114 | 38.2088 | 6.81873e+26 | 0 | 9.51764e-11 | 2.99417e-11 | 2.99417e-11 | 54405 | 55255 |  | Flux3 | Mkn421 | ARGO-YBJ | 2011ApJ...734..110B
166.114 | 38.2088 | 1.71194e+27 | 0 | 9.71767e-11 | 7.88657e-11 | 7.88657e-11 | 54405 | 55255 |  | Flux3 | Mkn421 | ARGO-YBJ | 2011ApJ...734..110B

166.114 | 38.2088 | 1.71194e+26 | 0 | 1.01995e-11 | 1.25286e-10 | 1.25286e-10 | 54405 | 55255 |  | Flux4 | Mkn421 | ARGO-YBJ | 2011ApJ...734..110B
166.114 | 38.2088 | 2.70815e+26 | 0 | 3.03475e-10 | 9.52631e-11 | 9.52631e-11 | 54405 | 55255 |  | Flux4 | Mkn421 | ARGO-YBJ | 2011ApJ...734..110B
166.114 | 38.2088 | 3.40937e+26 | 0 | 2.98143e-10 | 6.94393e-11 | 6.94393e-11 | 54405 | 55255 |  | Flux4 | Mkn421 | ARGO-YBJ | 2011ApJ...734..110B
166.114 | 38.2088 | 6.81873e+26 | 0 | 2.166e-10 | 6.44702e-11 | 6.44702e-11 | 54405 | 55255 |  | Flux4 | Mkn421 | ARGO-YBJ | 2011ApJ...734..110B
166.114 | 38.2088 | 1.35891e+27 | 0 | 3.33479e-10 | 1.0222e-10 | 1.0222e-10 | 54405 | 55255 |  | Flux4 | Mkn421 | ARGO-YBJ | 2011ApJ...734..110B
166.114 | 38.2088 | 1.71194e+27 | 0 | 1.95157e-10 | 1.64638e-10 | 1.64638e-10 | 54405 | 55255 |  | Flux4 | Mkn421 | ARGO-YBJ | 2011ApJ...734..110B

166.114 | 38.2088 | 6.64947e+25 | 0 | 2.06222e-10 | 3.99237e-11 | 3.99237e-11 | 54466 | 54647 |  | HighA | Mkn421 | VERITAS | 2011ApJ...738...25A
166.114 | 38.2088 | 8.22116e+25 | 0 | 2.38738e-10 | 2.04844e-11 | 2.04844e-11 | 54466 | 54647 |  | HighA | Mkn421 | VERITAS | 2011ApJ...738...25A
166.114 | 38.2088 | 1.01556e+26 | 0 | 2.49303e-10 | 1.71609e-11 | 1.71609e-11 | 54466 | 54647 |  | HighA | Mkn421 | VERITAS | 2011ApJ...738...25A
166.114 | 38.2088 | 1.25494e+26 | 0 | 2.49314e-10 | 1.59549e-11 | 1.59549e-11 | 54466 | 54647 |  | HighA | Mkn421 | VERITAS | 2011ApJ...738...25A
166.114 | 38.2088 | 1.55235e+26 | 0 | 2.3172e-10 | 1.55251e-11 | 1.55251e-11 | 54466 | 54647 |  | HighA | Mkn421 | VERITAS | 2011ApJ...738...25A
166.114 | 38.2088 | 1.91747e+26 | 0 | 2.16719e-10 | 1.53648e-11 | 1.53648e-11 | 54466 | 54647 |  | HighA | Mkn421 | VERITAS | 2011ApJ...738...25A
166.114 | 38.2088 | 2.36963e+26 | 0 | 2.00343e-10 | 1.57566e-11 | 1.57566e-11 | 54466 | 54647 |  | HighA | Mkn421 | VERITAS | 2011ApJ...738...25A
166.114 | 38.2088 | 2.9306e+26 | 0 | 1.47636e-10 | 1.43964e-11 | 1.43964e-11 | 54466 | 54647 |  | HighA | Mkn421 | VERITAS | 2011ApJ...738...25A
166.114 | 38.2088 | 3.62215e+26 | 0 | 1.19004e-10 | 1.38527e-11 | 1.38527e-11 | 54466 | 54647 |  | HighA | Mkn421 | VERITAS | 2011ApJ...738...25A
166.114 | 38.2088 | 4.4757e+26 | 0 | 9.11786e-11 | 1.318e-11 | 1.318e-11 | 54466 | 54647 |  | HighA | Mkn421 | VERITAS | 2011ApJ...738...25A
166.114 | 38.2088 | 5.53236e+26 | 0 | 9.42733e-11 | 1.45268e-11 | 1.45268e-11 | 54466 | 54647 |  | HighA | Mkn421 | VERITAS | 2011ApJ...738...25A
166.114 | 38.2088 | 6.83807e+26 | 0 | 7.89058e-11 | 1.45818e-11 | 1.45818e-11 | 54466 | 54647 |  | HighA | Mkn421 | VERITAS | 2011ApJ...738...25A
166.114 | 38.2088 | 8.45329e+26 | 0 | 6.55404e-11 | 1.45434e-11 | 1.45434e-11 | 54466 | 54647 |  | HighA | Mkn421 | VERITAS | 2011ApJ...738...25A
166.114 | 38.2088 | 1.04481e+27 | 0 | 3.47006e-11 | 1.20585e-11 | 1.20585e-11 | 54466 | 54647 |  | HighA | Mkn421 | VERITAS | 2011ApJ...738...25A
166.114 | 38.2088 | 1.29169e+27 | 0 | 2.39122e-11 | 1.08405e-11 | 1.08405e-11 | 54466 | 54647 |  | HighA | Mkn421 | VERITAS | 2011ApJ...738...25A

166.114 | 38.2088 | 1.69501e+26 | 0 | 3.04768e-10 | 3.30513e-11 | 3.30513e-11 | 54466 | 54647 |  | HighB | Mkn421 | VERITAS | 2011ApJ...738...25A
166.114 | 38.2088 | 2.24148e+26 | 0 | 2.89816e-10 | 3.33047e-11 | 3.33047e-11 | 54466 | 54647 |  | HighB | Mkn421 | VERITAS | 2011ApJ...738...25A
166.114 | 38.2088 | 2.96204e+26 | 0 | 2.01141e-10 | 2.11864e-11 | 2.11864e-11 | 54466 | 54647 |  | HighB | Mkn421 | VERITAS | 2011ApJ...738...25A
166.114 | 38.2088 | 3.91472e+26 | 0 | 2.21527e-10 | 2.35092e-11 | 2.35092e-11 | 54466 | 54647 |  | HighB | Mkn421 | VERITAS | 2011ApJ...738...25A
166.114 | 38.2088 | 5.1745e+26 | 0 | 1.80645e-10 | 2.29732e-11 | 2.29732e-11 | 54466 | 54647 |  | HighB | Mkn421 | VERITAS | 2011ApJ...738...25A
166.114 | 38.2088 | 6.83807e+26 | 0 | 2.07836e-10 | 2.70109e-11 | 2.70109e-11 | 54466 | 54647 |  | HighB | Mkn421 | VERITAS | 2011ApJ...738...25A
166.114 | 38.2088 | 9.03844e+26 | 0 | 1.60154e-10 | 2.58566e-11 | 2.58566e-11 | 54466 | 54647 |  | HighB | Mkn421 | VERITAS | 2011ApJ...738...25A
166.114 | 38.2088 | 1.19449e+27 | 0 | 8.64867e-11 | 2.32795e-11 | 2.32795e-11 | 54466 | 54647 |  | HighB | Mkn421 | VERITAS | 2011ApJ...738...25A
166.114 | 38.2088 | 1.57871e+27 | 0 | 3.13553e-11 | 1.55103e-11 | 1.55103e-11 | 54466 | 54647 |  | HighB | Mkn421 | VERITAS | 2011ApJ...738...25A

166.114 | 38.2088 | 2.24148e+26 | 0 | 3.43235e-10 | 3.54938e-11 | 3.54938e-11 | 54466 | 54647 |  | HighC | Mkn421 | VERITAS | 2011ApJ...738...25A
166.114 | 38.2088 | 2.96204e+26 | 0 | 2.69759e-10 | 2.33142e-11 | 2.33142e-11 | 54466 | 54647 |  | HighC | Mkn421 | VERITAS | 2011ApJ...738...25A
166.114 | 38.2088 | 3.91472e+26 | 0 | 2.44079e-10 | 2.41811e-11 | 2.41811e-11 | 54466 | 54647 |  | HighC | Mkn421 | VERITAS | 2011ApJ...738...25A
166.114 | 38.2088 | 5.1745e+26 | 0 | 2.07573e-10 | 2.42058e-11 | 2.42058e-11 | 54466 | 54647 |  | HighC | Mkn421 | VERITAS | 2011ApJ...738...25A
166.114 | 38.2088 | 6.83807e+26 | 0 | 1.70676e-10 | 2.43585e-11 | 2.43585e-11 | 54466 | 54647 |  | HighC | Mkn421 | VERITAS | 2011ApJ...738...25A
166.114 | 38.2088 | 9.03844e+26 | 0 | 1.53102e-10 | 2.59237e-11 | 2.59237e-11 | 54466 | 54647 |  | HighC | Mkn421 | VERITAS | 2011ApJ...738...25A
166.114 | 38.2088 | 1.19449e+27 | 0 | 1.07326e-10 | 2.43664e-11 | 2.43664e-11 | 54466 | 54647 |  | HighC | Mkn421 | VERITAS | 2011ApJ...738...25A
166.114 | 38.2088 | 1.57871e+27 | 0 | 7.7859e-11 | 2.36172e-11 | 2.36172e-11 | 54466 | 54647 |  | HighC | Mkn421 | VERITAS | 2011ApJ...738...25A
166.114 | 38.2088 | 2.08648e+27 | 0 | 6.17484e-11 | 2.58876e-11 | 2.58876e-11 | 54466 | 54647 |  | HighC | Mkn421 | VERITAS | 2011ApJ...738...25A

166.114 | 38.2088 | 6.64947e+25 | 0 | 1.54364e-10 | 4.2965e-12 | 4.2965e-12 | 54466 | 54647 |  | Low | Mkn421 | VERITAS | 2011ApJ...738...25A
166.114 | 38.2088 | 8.22116e+25 | 0 | 1.45928e-10 | 3.54495e-12 | 3.54495e-12 | 54466 | 54647 |  | Low | Mkn421 | VERITAS | 2011ApJ...738...25A
166.114 | 38.2088 | 1.01556e+26 | 0 | 1.41114e-10 | 3.52715e-12 | 3.52715e-12 | 54466 | 54647 |  | Low | Mkn421 | VERITAS | 2011ApJ...738...25A
166.114 | 38.2088 | 1.25494e+26 | 0 | 1.26362e-10 | 3.37138e-12 | 3.37138e-12 | 54466 | 54647 |  | Low | Mkn421 | VERITAS | 2011ApJ...738...25A
166.114 | 38.2088 | 1.55235e+26 | 0 | 1.13714e-10 | 3.31038e-12 | 3.31038e-12 | 54466 | 54647 |  | Low | Mkn421 | VERITAS | 2011ApJ...738...25A
166.114 | 38.2088 | 1.91747e+26 | 0 | 9.77201e-11 | 3.16061e-12 | 3.16061e-12 | 54466 | 54647 |  | Low | Mkn421 | VERITAS | 2011ApJ...738...25A
166.114 | 38.2088 | 2.36963e+26 | 0 | 8.71845e-11 | 3.16363e-12 | 3.16363e-12 | 54466 | 54647 |  | Low | Mkn421 | VERITAS | 2011ApJ...738...25A
166.114 | 38.2088 | 2.9306e+26 | 0 | 7.32647e-11 | 3.11604e-12 | 3.11604e-12 | 54466 | 54647 |  | Low | Mkn421 | VERITAS | 2011ApJ...738...25A
166.114 | 38.2088 | 3.62215e+26 | 0 | 6.29176e-11 | 3.1768e-12 | 3.1768e-12 | 54466 | 54647 |  | Low | Mkn421 | VERITAS | 2011ApJ...738...25A
166.114 | 38.2088 | 4.4757e+26 | 0 | 5.31262e-11 | 3.18e-12 | 3.18e-12 | 54466 | 54647 |  | Low | Mkn421 | VERITAS | 2011ApJ...738...25A
166.114 | 38.2088 | 5.53236e+26 | 0 | 4.7967e-11 | 3.20898e-12 | 3.20898e-12 | 54466 | 54647 |  | Low | Mkn421 | VERITAS | 2011ApJ...738...25A
166.114 | 38.2088 | 6.83807e+26 | 0 | 3.37252e-11 | 2.99068e-12 | 2.99068e-12 | 54466 | 54647 |  | Low | Mkn421 | VERITAS | 2011ApJ...738...25A
166.114 | 38.2088 | 8.45329e+26 | 0 | 3.00581e-11 | 3.16834e-12 | 3.16834e-12 | 54466 | 54647 |  | Low | Mkn421 | VERITAS | 2011ApJ...738...25A
166.114 | 38.2088 | 1.04481e+27 | 0 | 1.73084e-11 | 2.74613e-12 | 2.74613e-12 | 54466 | 54647 |  | Low | Mkn421 | VERITAS | 2011ApJ...738...25A
166.114 | 38.2088 | 1.29169e+27 | 0 | 8.11095e-12 | 2.13884e-12 | 2.13884e-12 | 54466 | 54647 |  | Low | Mkn421 | VERITAS | 2011ApJ...738...25A
166.114 | 38.2088 | 1.77505e+27 | 0 | 9.07452e-12 | 1.86412e-12 | 1.86412e-12 | 54466 | 54647 |  | Low | Mkn421 | VERITAS | 2011ApJ...738...25A
166.114 | 38.2088 | 2.71178e+27 | 0 | 3.12551e-12 | 1.39953e-12 | 1.39953e-12 | 54466 | 54647 |  | Low | Mkn421 | VERITAS | 2011ApJ...738...25A

166.114 | 38.2088 | 6.64947e+25 | 0 | 2.13007e-10 | 6.93183e-12 | 6.93183e-12 | 54466 | 54647 |  | Mid | Mkn421 | VERITAS | 2011ApJ...738...25A
166.114 | 38.2088 | 8.22116e+25 | 0 | 2.02992e-10 | 5.83046e-12 | 5.83046e-12 | 54466 | 54647 |  | Mid | Mkn421 | VERITAS | 2011ApJ...738...25A
166.114 | 38.2088 | 1.01556e+26 | 0 | 1.99306e-10 | 5.91249e-12 | 5.91249e-12 | 54466 | 54647 |  | Mid | Mkn421 | VERITAS | 2011ApJ...738...25A
166.114 | 38.2088 | 1.25494e+26 | 0 | 1.83199e-10 | 5.7398e-12 | 5.7398e-12 | 54466 | 54647 |  | Mid | Mkn421 | VERITAS | 2011ApJ...738...25A
166.114 | 38.2088 | 1.55235e+26 | 0 | 1.60599e-10 | 5.57277e-12 | 5.57277e-12 | 54466 | 54647 |  | Mid | Mkn421 | VERITAS | 2011ApJ...738...25A
166.114 | 38.2088 | 1.91747e+26 | 0 | 1.41356e-10 | 5.5283e-12 | 5.5283e-12 | 54466 | 54647 |  | Mid | Mkn421 | VERITAS | 2011ApJ...738...25A
166.114 | 38.2088 | 2.36963e+26 | 0 | 1.29069e-10 | 5.60406e-12 | 5.60406e-12 | 54466 | 54647 |  | Mid | Mkn421 | VERITAS | 2011ApJ...738...25A
166.114 | 38.2088 | 2.9306e+26 | 0 | 1.16522e-10 | 5.74021e-12 | 5.74021e-12 | 54466 | 54647 |  | Mid | Mkn421 | VERITAS | 2011ApJ...738...25A
166.114 | 38.2088 | 3.62215e+26 | 0 | 9.53112e-11 | 5.65899e-12 | 5.65899e-12 | 54466 | 54647 |  | Mid | Mkn421 | VERITAS | 2011ApJ...738...25A
166.114 | 38.2088 | 4.4757e+26 | 0 | 9.58995e-11 | 6.19751e-12 | 6.19751e-12 | 54466 | 54647 |  | Mid | Mkn421 | VERITAS | 2011ApJ...738...25A
166.114 | 38.2088 | 5.53236e+26 | 0 | 8.54666e-11 | 6.37435e-12 | 6.37435e-12 | 54466 | 54647 |  | Mid | Mkn421 | VERITAS | 2011ApJ...738...25A
166.114 | 38.2088 | 6.83807e+26 | 0 | 6.95647e-11 | 6.34014e-12 | 6.34014e-12 | 54466 | 54647 |  | Mid | Mkn421 | VERITAS | 2011ApJ...738...25A
166.114 | 38.2088 | 8.45329e+26 | 0 | 4.68397e-11 | 5.7316e-12 | 5.7316e-12 | 54466 | 54647 |  | Mid | Mkn421 | VERITAS | 2011ApJ...738...25A
166.114 | 38.2088 | 1.04481e+27 | 0 | 3.74228e-11 | 5.80936e-12 | 5.80936e-12 | 54466 | 54647 |  | Mid | Mkn421 | VERITAS | 2011ApJ...738...25A
166.114 | 38.2088 | 1.29169e+27 | 0 | 3.02949e-11 | 5.86604e-12 | 5.86604e-12 | 54466 | 54647 |  | Mid | Mkn421 | VERITAS | 2011ApJ...738...25A
166.114 | 38.2088 | 1.5966e+27 | 0 | 2.07048e-11 | 5.2251e-12 | 5.2251e-12 | 54466 | 54647 |  | Mid | Mkn421 | VERITAS | 2011ApJ...738...25A
166.114 | 38.2088 | 1.97332e+27 | 0 | 1.40534e-11 | 5.04622e-12 | 5.04622e-12 | 54466 | 54647 |  | Mid | Mkn421 | VERITAS | 2011ApJ...738...25A
166.114 | 38.2088 | 2.43927e+27 | 0 | 1.44772e-11 | 5.66761e-12 | 5.66761e-12 | 54466 | 54647 |  | Mid | Mkn421 | VERITAS | 2011ApJ...738...25A

166.114 | 38.2088 | 1.55235e+26 | 0 | 4.39733e-10 | 4.68327e-11 | 4.68327e-11 | 54466 | 54647 |  | VeryHigh | Mkn421 | VERITAS | 2011ApJ...738...25A
166.114 | 38.2088 | 1.91747e+26 | 0 | 4.32229e-10 | 4.4835e-11 | 4.4835e-11 | 54466 | 54647 |  | VeryHigh | Mkn421 | VERITAS | 2011ApJ...738...25A
166.114 | 38.2088 | 2.36963e+26 | 0 | 3.76989e-10 | 3.11285e-11 | 3.11285e-11 | 54466 | 54647 |  | VeryHigh | Mkn421 | VERITAS | 2011ApJ...738...25A
166.114 | 38.2088 | 2.9306e+26 | 0 | 4.01979e-10 | 3.28785e-11 | 3.28785e-11 | 54466 | 54647 |  | VeryHigh | Mkn421 | VERITAS | 2011ApJ...738...25A
166.114 | 38.2088 | 3.62215e+26 | 0 | 3.57156e-10 | 3.27783e-11 | 3.27783e-11 | 54466 | 54647 |  | VeryHigh | Mkn421 | VERITAS | 2011ApJ...738...25A
166.114 | 38.2088 | 4.4757e+26 | 0 | 2.69364e-10 | 3.03727e-11 | 3.03727e-11 | 54466 | 54647 |  | VeryHigh | Mkn421 | VERITAS | 2011ApJ...738...25A
166.114 | 38.2088 | 5.53236e+26 | 0 | 2.95401e-10 | 3.38679e-11 | 3.38679e-11 | 54466 | 54647 |  | VeryHigh | Mkn421 | VERITAS | 2011ApJ...738...25A
166.114 | 38.2088 | 6.83807e+26 | 0 | 2.33206e-10 | 3.23798e-11 | 3.23798e-11 | 54466 | 54647 |  | VeryHigh | Mkn421 | VERITAS | 2011ApJ...738...25A
166.114 | 38.2088 | 8.45329e+26 | 0 | 1.94604e-10 | 3.19771e-11 | 3.19771e-11 | 54466 | 54647 |  | VeryHigh | Mkn421 | VERITAS | 2011ApJ...738...25A
166.114 | 38.2088 | 1.04481e+27 | 0 | 1.83405e-10 | 3.48203e-11 | 3.48203e-11 | 54466 | 54647 |  | VeryHigh | Mkn421 | VERITAS | 2011ApJ...738...25A
166.114 | 38.2088 | 1.29169e+27 | 0 | 1.11926e-10 | 2.91016e-11 | 2.91016e-11 | 54466 | 54647 |  | VeryHigh | Mkn421 | VERITAS | 2011ApJ...738...25A
166.114 | 38.2088 | 1.77505e+27 | 0 | 3.84566e-11 | 1.45659e-11 | 1.45659e-11 | 54466 | 54647 |  | VeryHigh | Mkn421 | VERITAS | 2011ApJ...738...25A

166.114 | 38.2088 | 6.64947e+25 | 0 | 8.99405e-11 | 5.74441e-12 | 5.74441e-12 | 54466 | 54647 |  | VeryLow | Mkn421 | VERITAS | 2011ApJ...738...25A
166.114 | 38.2088 | 8.22116e+25 | 0 | 7.99003e-11 | 4.60066e-12 | 4.60066e-12 | 54466 | 54647 |  | VeryLow | Mkn421 | VERITAS | 2011ApJ...738...25A
166.114 | 38.2088 | 1.01556e+26 | 0 | 7.48671e-11 | 3.97369e-12 | 3.97369e-12 | 54466 | 54647 |  | VeryLow | Mkn421 | VERITAS | 2011ApJ...738...25A
166.114 | 38.2088 | 1.25494e+26 | 0 | 7.69047e-11 | 3.85775e-12 | 3.85775e-12 | 54466 | 54647 |  | VeryLow | Mkn421 | VERITAS | 2011ApJ...738...25A
166.114 | 38.2088 | 1.55235e+26 | 0 | 5.71739e-11 | 3.50849e-12 | 3.50849e-12 | 54466 | 54647 |  | VeryLow | Mkn421 | VERITAS | 2011ApJ...738...25A
166.114 | 38.2088 | 1.91747e+26 | 0 | 5.3006e-11 | 3.50418e-12 | 3.50418e-12 | 54466 | 54647 |  | VeryLow | Mkn421 | VERITAS | 2011ApJ...738...25A
166.114 | 38.2088 | 2.36963e+26 | 0 | 4.1161e-11 | 3.21749e-12 | 3.21749e-12 | 54466 | 54647 |  | VeryLow | Mkn421 | VERITAS | 2011ApJ...738...25A
166.114 | 38.2088 | 2.9306e+26 | 0 | 2.7489e-11 | 2.81715e-12 | 2.81715e-12 | 54466 | 54647 |  | VeryLow | Mkn421 | VERITAS | 2011ApJ...738...25A
166.114 | 38.2088 | 3.62215e+26 | 0 | 2.63319e-11 | 3.00027e-12 | 3.00027e-12 | 54466 | 54647 |  | VeryLow | Mkn421 | VERITAS | 2011ApJ...738...25A
166.114 | 38.2088 | 4.4757e+26 | 0 | 1.78405e-11 | 2.7403e-12 | 2.7403e-12 | 54466 | 54647 |  | VeryLow | Mkn421 | VERITAS | 2011ApJ...738...25A
166.114 | 38.2088 | 5.53236e+26 | 0 | 1.52481e-11 | 2.73929e-12 | 2.73929e-12 | 54466 | 54647 |  | VeryLow | Mkn421 | VERITAS | 2011ApJ...738...25A
166.114 | 38.2088 | 6.83807e+26 | 0 | 1.26277e-11 | 2.65368e-12 | 2.65368e-12 | 54466 | 54647 |  | VeryLow | Mkn421 | VERITAS | 2011ApJ...738...25A
166.114 | 38.2088 | 8.45329e+26 | 0 | 5.78251e-12 | 2.17554e-12 | 2.17554e-12 | 54466 | 54647 |  | VeryLow | Mkn421 | VERITAS | 2011ApJ...738...25A
166.114 | 38.2088 | 1.04481e+27 | 0 | 5.81534e-12 | 2.25255e-12 | 2.25255e-12 | 54466 | 54647 |  | VeryLow | Mkn421 | VERITAS | 2011ApJ...738...25A

166.114 | 38.2088 | 2.41799e+26 | 0 | 1.50765e-10 | 5.25514e-11 | 5.25514e-11 | 54476 | 54593 |  |  | Mkn421 | TACTIC | 2010JPhG...37l5201C
