other_data_collections/2015ApJ...812...60B/BiteauWilliams2015_AllData_ASDC_v2016_12_20.ecsv
# %ECSV 0.9
# ---
# datatype:
# - {name: ra, datatype: float32, unit: deg}
# - {name: dec, datatype: float32, unit: deg}
# - {name: freq, datatype: float32, unit: Hz}
# - {name: freq_err, datatype: float32, unit: Hz}
# - {name: e2dnde, datatype: float32, unit: erg cm-2 s-1}
# - {name: e2dnde_errn, datatype: float32, unit: erg cm-2 s-1}
# - {name: e2dnde_errp, datatype: float32, unit: erg cm-2 s-1}
# - {name: mjd_start, datatype: float32, unit: MJD}
# - {name: mjd_stop, datatype: float32, unit: MJD}
# - {name: ul_flag, datatype: str}
# - {name: note, datatype: str}
# - {name: source, datatype: str}
# - {name: experiment, datatype: str}
# - {name: reference_id, datatype: str}
# meta: !!omap
# - author: J. Biteau
# - creation_date: 2016-12-20
# - dataset_reference: 2015ApJ...812...60B
ra | dec | freq | freq_err | e2dnde | e2dnde_errn | e2dnde_errp | mjd_start | mjd_stop | ul_flag | note | source | experiment | reference_id
[from data line 249]
166.114 | 38.2088 | 5.15032e+26 | 0 | 3.35097e-11 | 5.13185e-12 | 5.13185e-12 | 54476 | 54593 |  |  | Mkn421 | TACTIC | 2010JPhG...37l5201C
166.114 | 38.2088 | 7.54413e+26 | 0 | 2.33943e-11 | 4.30456e-12 | 4.30456e-12 | 54476 | 54593 |  |  | Mkn421 | TACTIC | 2010JPhG...37l5201C
166.114 | 38.2088 | 1.10502e+27 | 0 | 1.58272e-11 | 4.08228e-12 | 4.08228e-12 | 54476 | 54593 |  |  | Mkn421 | TACTIC | 2010JPhG...37l5201C
166.114 | 38.2088 | 1.61522e+27 | 0 | 1.12244e-11 | 4.0179e-12 | 4.0179e-12 | 54476 | 54593 |  |  | Mkn421 | TACTIC | 2010JPhG...37l5201C

166.114 | 38.2088 | 2.41799e+26 | 0 | 2.80381e-11 | 1.08628e-11 | 1.08628e-11 | 55157 | 55332 |  |  | Mkn421 | TACTIC | 2012JPhG...39d5201C
166.114 | 38.2088 | 3.62698e+26 | 0 | 1.96467e-11 | 4.00144e-12 | 4.00144e-12 | 55157 | 55332 |  |  | Mkn421 | TACTIC | 2012JPhG...39d5201C
166.114 | 38.2088 | 5.36794e+26 | 0 | 1.69768e-11 | 2.48729e-12 | 2.48729e-12 | 55157 | 55332 |  |  | Mkn421 | TACTIC | 2012JPhG...39d5201C
166.114 | 38.2088 | 8.02773e+26 | 0 | 1.31742e-11 | 2.71961e-12 | 2.71961e-12 | 55157 | 55332 |  |  | Mkn421 | TACTIC | 2012JPhG...39d5201C
166.114 | 38.2088 | 1.1969e+27 | 0 | 1.52711e-11 | 3.13274e-12 | 3.13274e-12 | 55157 | 55332 |  |  | Mkn421 | TACTIC | 2012JPhG...39d5201C
166.114 | 38.2088 | 1.78448e+27 | 0 | 1.61434e-11 | 3.76097e-12 | 3.76097e-12 | 55157 | 55332 |  |  | Mkn421 | TACTIC | 2012JPhG...39d5201C
166.114 | 38.2088 | 2.65979e+27 | 0 | 9.90642e-12 | 5.02106e-12 | 5.02106e-12 | 55157 | 55332 |  |  | Mkn421 | TACTIC | 2012JPhG...39d5201C
166.114 | 38.2088 | 3.97517e+27 | 0 | 4.37356e-12 | 5.36952e-12 | 5.36952e-12 | 55157 | 55332 |  |  | Mkn421 | TACTIC | 2012JPhG...39d5201C


253.468 | 39.7602 | 7.93101e+26 | 0 | 1.14711e-10 | 4.60052e-12 | 4.60052e-12 | 50508 | 50752 |  |  | Mkn501 | HEGRA | 2001A&A...366...62A
253.468 | 39.7602 | 8.8982e+26 | 0 | 1.03409e-10 | 4.30041e-12 | 4.30041e-12 | 50508 | 50752 |  |  | Mkn501 | HEGRA | 2001A&A...366...62A
253.468 | 39.7602 | 9.9863e+26 | 0 | 9.58125e-11 | 4.30145e-12 | 4.30145e-12 | 50508 | 50752 |  |  | Mkn501 | HEGRA | 2001A&A...366...62A
253.468 | 39.7602 | 1.11953e+27 | 0 | 9.47941e-11 | 4.39968e-12 | 4.39968e-12 | 50508 | 50752 |  |  | Mkn501 | HEGRA | 2001A&A...366...62A
253.468 | 39.7602 | 1.25735e+27 | 0 | 8.48261e-11 | 4.30066e-12 | 4.30066e-12 | 50508 | 50752 |  |  | Mkn501 | HEGRA | 2001A&A...366...62A
253.468 | 39.7602 | 1.40969e+27 | 0 | 7.00852e-11 | 4.10055e-12 | 4.10055e-12 | 50508 | 50752 |  |  | Mkn501 | HEGRA | 2001A&A...366...62A
253.468 | 39.7602 | 1.58137e+27 | 0 | 7.53804e-11 | 4.50021e-12 | 4.50021e-12 | 50508 | 50752 |  |  | Mkn501 | HEGRA | 2001A&A...366...62A
253.468 | 39.7602 | 1.7748e+27 | 0 | 6.54033e-11 | 4.30037e-12 | 4.30037e-12 | 50508 | 50752 |  |  | Mkn501 | HEGRA | 2001A&A...366...62A
253.468 | 39.7602 | 1.99242e+27 | 0 | 5.0008e-11 | 3.99999e-12 | 3.99999e-12 | 50508 | 50752 |  |  | Mkn501 | HEGRA | 2001A&A...366...62A
253.468 | 39.7602 | 2.23664e+27 | 0 | 4.27983e-11 | 3.9001e-12 | 3.9001e-12 | 50508 | 50752 |  |  | Mkn501 | HEGRA | 2001A&A...366...62A
253.468 | 39.7602 | 2.50987e+27 | 0 | 3.8202e-11 | 3.89961e-12 | 3.89961e-12 | 50508 | 50752 |  |  | Mkn501 | HEGRA | 2001A&A...366...62A
253.468 | 39.7602 | 2.81454e+27 | 0 | 3.95951e-11 | 4.20046e-12 | 4.20046e-12 | 50508 | 50752 |  |  | Mkn501 | HEGRA | 2001A&A...366...62A
253.468 | 39.7602 | 3.15789e+27 | 0 | 2.12033e-11 | 3.70012e-12 | 3.70012e-12 | 50508 | 50752 |  |  | Mkn501 | HEGRA | 2001A&A...366...62A
253.468 | 39.7602 | 3.54477e+27 | 0 | 1.41004e-11 | 3.30043e-12 | 3.30043e-12 | 50508 | 50752 |  |  | Mkn501 | HEGRA | 2001A&A...366...62A
253.468 | 39.7602 | 3.97759e+27 | 0 | 1.42032e-11 | 4.00039e-12 | 4.00039e-12 | 50508 | 50752 |  |  | Mkn501 | HEGRA | 2001A&A...366...62A
253.468 | 39.7602 | 4.46119e+27 | 0 | 9.7024e-12 | 2.90036e-12 | 2.90036e-12 | 50508 | 50752 |  |  | Mkn501 | HEGRA | 2001A&A...366...62A
253.468 | 39.7602 | 5.00766e+27 | 0 | 2.40032e-12 | 2.60029e-12 | 2.60029e-12 | 50508 | 50752 |  |  | Mkn501 | HEGRA | 2001A&A...366...62A

253.468 | 39.7602 | 2.41799e+26 | 0 | 2.51542e-11 | 2.05079e-11 | 2.05079e-11 | 53440 | 53862 |  |  | Mkn501 | TACTIC | 2008JPhG...35f5202G
253.468 | 39.7602 | 3.60764e+26 | 0 | 2.25049e-11 | 6.59811e-12 | 6.59811e-12 | 53440 | 53862 |  |  | Mkn501 | TACTIC | 2008JPhG...35f5202G
253.468 | 39.7602 | 5.38244e+26 | 0 | 1.20671e-11 | 3.66777e-12 | 3.66777e-12 | 53440 | 53862 |  |  | Mkn501 | TACTIC | 2008JPhG...35f5202G
253.468 | 39.7602 | 8.02773e+26 | 0 | 1.0225e-11 | 3.39069e-12 | 3.39069e-12 | 53440 | 53862 |  |  | Mkn501 | TACTIC | 2008JPhG...35f5202G
253.468 | 39.7602 | 1.19763e+27 | 0 | 7.90029e-12 | 3.61605e-12 | 3.61605e-12 | 53440 | 53862 |  |  | Mkn501 | TACTIC | 2008JPhG...35f5202G
253.468 | 39.7602 | 1.78665e+27 | 0 | 6.76178e-12 | 3.50773e-12 | 3.50773e-12 | 53440 | 53862 |  |  | Mkn501 | TACTIC | 2008JPhG...35f5202G
253.468 | 39.7602 | 2.66535e+27 | 0 | 3.1732e-12 | 3.73776e-12 | 3.73776e-12 | 53440 | 53862 |  |  | Mkn501 | TACTIC | 2008JPhG...35f5202G

253.468 | 39.7602 | 2.46076e+25 | 0 | 3.02004e-11 | 1.05867e-11 | 1.05867e-11 | 53937 | 54004 |  |  | Mkn501 | MAGIC | 2009ApJ...705.1624A
253.468 | 39.7602 | 3.9583e+25 | 0 | 2.19831e-11 | 6.7409e-12 | 6.7409e-12 | 53937 | 54004 |  |  | Mkn501 | MAGIC | 2009ApJ...705.1624A
253.468 | 39.7602 | 6.36715e+25 | 0 | 1.9997e-11 | 2.99954e-12 | 2.99954e-12 | 53937 | 54004 |  |  | Mkn501 | MAGIC | 2009ApJ...705.1624A
253.468 | 39.7602 | 1.02419e+26 | 0 | 1.33665e-11 | 2.44621e-12 | 2.44621e-12 | 53937 | 54004 |  |  | Mkn501 | MAGIC | 2009ApJ...705.1624A
253.468 | 39.7602 | 1.64747e+26 | 0 | 9.37149e-12 | 1.95611e-12 | 1.95611e-12 | 53937 | 54004 |  |  | Mkn501 | MAGIC | 2009ApJ...705.1624A
253.468 | 39.7602 | 2.65007e+26 | 0 | 5.38857e-12 | 1.72627e-12 | 1.72627e-12 | 53937 | 54004 |  |  | Mkn501 | MAGIC | 2009ApJ...705.1624A
253.468 | 39.7602 | 4.26277e+26 | 0 | 2.66901e-12 | 1.73286e-12 | 1.73286e-12 | 53937 | 54004 |  |  | Mkn501 | MAGIC | 2009ApJ...705.1624A

253.468 | 39.7602 | 1.08084e+26 | 0 | 3.55344e-11 | 1.54302e-11 | 1.54302e-11 | 54683 | 55850 |  |  | Mkn501 | ARGO-YBJ | 2012ApJ...758....2B
253.468 | 39.7602 | 2.15443e+26 | 0 | 1.75527e-11 | 9.50137e-12 | 9.50137e-12 | 54683 | 55850 |  |  | Mkn501 | ARGO-YBJ | 2012ApJ...758....2B
253.468 | 39.7602 | 3.41662e+26 | 0 | 1.25715e-11 | 6.10982e-12 | 6.10982e-12 | 54683 | 55850 |  |  | Mkn501 | ARGO-YBJ | 2012ApJ...758....2B
253.468 | 39.7602 | 6.81389e+26 | 0 | 1.2545e-11 | 4.52942e-12 | 4.52942e-12 | 54683 | 55850 |  |  | Mkn501 | ARGO-YBJ | 2012ApJ...758....2B
253.468 | 39.7602 | 1.35964e+27 | 0 | 3.93105e-12 | 5.31907e-12 | 5.31907e-12 | 54683 | 55850 |  |  | Mkn501 | ARGO-YBJ | 2012ApJ...758....2B
253.468 | 39.7602 | 2.71298e+27 | 0 | 5.90968e-12 | 4.639e-12 | 4.639e-12 | 54683 | 55850 |  |  | Mkn501 | ARGO-YBJ | 2012ApJ...758....2B
253.468 | 39.7602 | 2.71298e+26 | 0 | 6.71646e-11 | 4.82052e-11 | 4.82052e-11 | 55851 | 55887 |  |  | Mkn501 | ARGO-YBJ | 2012ApJ...758....2B
253.468 | 39.7602 | 4.29919e+26 | 0 | 9.31948e-11 | 3.21623e-11 | 3.21623e-11 | 55851 | 55887 |  |  | Mkn501 | ARGO-YBJ | 2012ApJ...758....2B
253.468 | 39.7602 | 8.57903e+26 | 0 | 5.40521e-11 | 2.35974e-11 | 2.35974e-11 | 55851 | 55887 |  |  | Mkn501 | ARGO-YBJ | 2012ApJ...758....2B
253.468 | 39.7602 | 1.71169e+27 | 0 | 9.95579e-11 | 2.77799e-11 | 2.77799e-11 | 55851 | 55887 |  |  | Mkn501 | ARGO-YBJ | 2012ApJ...758....2B
253.468 | 39.7602 | 3.4142e+27 | 0 | 5.65396e-11 | 2.41172e-11 | 2.41172e-11 | 55851 | 55887 |  |  | Mkn501 | ARGO-YBJ | 2012ApJ...758....2B


356.77 | 51.705 | 2.70822e+26 | 0 | 7.31594e-11 | 2.69323e-11 | 2.69323e-11 | 50070.5 | 50071.5 |  |  | 1ES2344+514 | Whipple | 2005ApJ...634..947S
356.77 | 51.705 | 5.41644e+26 | 0 | 5.82059e-11 | 1.9536e-11 | 1.9536e-11 | 50070.5 | 50071.5 |  |  | 1ES2344+514 | Whipple | 2005ApJ...634..947S
356.77 | 51.705 | 1.08109e+27 | 0 | 3.1419e-11 | 1.55013e-11 | 1.55013e-11 | 50070.5 | 50071.5 |  |  | 1ES2344+514 | Whipple | 2005ApJ...634..947S
356.77 | 51.705 | 2.15417e+27 | 0 | 2.68315e-11 | 1.51325e-11 | 1.51325e-11 | 50070.5 | 50071.5 |  |  | 1ES2344+514 | Whipple | 2005ApJ...634..947S

356.77 | 51.705 | 4.31035e+25 | 0 | 1.01825e-11 | 2.13833e-12 | 2.13833e-12 | 53585 | 53736 |  |  | 1ES2344+514 | MAGIC | 2007ApJ...662..892A
356.77 | 51.705 | 7.18458e+25 | 0 | 9.90153e-12 | 1.98031e-12 | 1.98031e-12 | 53585 | 53736 |  |  | 1ES2344+514 | MAGIC | 2007ApJ...662..892A
356.77 | 51.705 | 1.1951e+26 | 0 | 7.04498e-12 | 1.24853e-12 | 1.24853e-12 | 53585 | 53736 |  |  | 1ES2344+514 | MAGIC | 2007ApJ...662..892A
356.77 | 51.705 | 1.99516e+26 | 0 | 2.61799e-12 | 9.38114e-13 | 9.38114e-13 | 53585 | 53736 |  |  | 1ES2344+514 | MAGIC | 2007ApJ...662..892A
356.77 | 51.705 | 3.32927e+26 | 0 | 8.20092e-13 | 6.68223e-13 | 6.68223e-13 | 53585 | 53736 |  |  | 1ES2344+514 | MAGIC | 2007ApJ...662..892A
356.77 | 51.705 | 5.55445e+26 | 0 | 1.00607e-12 | 5.749e-13 | 5.749e-13 | 53585 | 53736 |  |  | 1ES2344+514 | MAGIC | 2007ApJ...662..892A
356.77 | 51.705 | 9.26675e+26 | 0 | 8.23615e-13 | 7.53019e-13 | 7.53019e-13 | 53585 | 53736 |  |  | 1ES2344+514 | MAGIC | 2007ApJ...662..892A

356.77 | 51.705 | 1.22568e+26 | 0 | 7.616e-12 | 1.24738e-12 | 1.24738e-12 | 54377 | 54476 |  | Low | 1ES2344+514 | VERITAS | 2011ApJ...738..169A
356.77 | 51.705 | 1.98348e+26 | 0 | 6.72729e-12 | 6.7812e-13 | 6.7812e-13 | 54377 | 54476 |  | Low | 1ES2344+514 | VERITAS | 2011ApJ...738..169A
356.77 | 51.705 | 3.32715e+26 | 0 | 5.76369e-12 | 7.12878e-13 | 7.12878e-13 | 54377 | 54476 |  | Low | 1ES2344+514 | VERITAS | 2011ApJ...738..169A
356.77 | 51.705 | 5.33892e+26 | 0 | 2.45266e-12 | 5.3115e-13 | 5.3115e-13 | 54377 | 54476 |  | Low | 1ES2344+514 | VERITAS | 2011ApJ...738..169A
356.77 | 51.705 | 9.16176e+26 | 0 | 1.4146e-12 | 5.19838e-13 | 5.19838e-13 | 54377 | 54476 |  | Low | 1ES2344+514 | VERITAS | 2011ApJ...738..169A
356.77 | 51.705 | 1.4462e+27 | 0 | 1.23224e-12 | 5.63966e-13 | 5.63966e-13 | 54377 | 54476 |  | Low | 1ES2344+514 | VERITAS | 2011ApJ...738..169A

356.77 | 51.705 | 1.17538e+26 | 0 | 4.05084e-11 | 7.00379e-12 | 7.00379e-12 | 54440.5 | 54441.5 |  | High | 1ES2344+514 | VERITAS | 2011ApJ...738..169A
356.77 | 51.705 | 1.81398e+26 | 0 | 2.78627e-11 | 6.04142e-12 | 6.04142e-12 | 54440.5 | 54441.5 |  | High | 1ES2344+514 | VERITAS | 2011ApJ...738..169A
356.77 | 51.705 | 2.66221e+26 | 0 | 2.75787e-11 | 6.50624e-12 | 6.50624e-12 | 54440.5 | 54441.5 |  | High | 1ES2344+514 | VERITAS | 2011ApJ...738..169A
356.77 | 51.705 | 4.02595e+26 | 0 | 1.94098e-11 | 6.21823e-12 | 6.21823e-12 | 54440.5 | 54441.5 |  | High | 1ES2344+514 | VERITAS | 2011ApJ...738..169A
356.77 | 51.705 | 5.6315e+26 | 0 | 2.53765e-11 | 8.15178e-12 | 8.15178e-12 | 54440.5 | 54441.5 |  | High | 1ES2344+514 | VERITAS | 2011ApJ...738..169A

356.77 | 51.705 | 6.33651e+25 | 0 | 2.22256e-12 | 9.08828e-13 | 9.08828e-13 | 54759 | 54800 |  |  | 1ES2344+514 | MAGIC | 2013A&A...556A..67A
356.77 | 51.705 | 1.75514e+26 | 0 | 1.06364e-12 | 6.96433e-13 | 6.96433e-13 | 54759 | 54800 |  |  | 1ES2344+514 | MAGIC | 2013A&A...556A..67A
356.77 | 51.705 | 4.86139e+26 | 0 | 1.15277e-12 | 6.60576e-13 | 6.60576e-13 | 54759 | 54800 |  |  | 1ES2344+514 | MAGIC | 2013A&A...556A..67A


174.11 | 70.1576 | 4.40855e+25 | 0 | 1.17702e-11 | 8.68122e-12 | 8.68122e-12 | 53818 | 53825 |  |  | Mkn180 | MAGIC | 2006ApJ...648L.105A
174.11 | 70.1576 | 8.51156e+25 | 0 | 4.56613e-12 | 3.47423e-12 | 3.47423e-12 | 53818 | 53825 |  |  | Mkn180 | MAGIC | 2006ApJ...648L.105A
174.11 | 70.1576 | 1.64333e+26 | 0 | 2.4717e-12 | 1.38386e-12 | 1.38386e-12 | 53818 | 53825 |  |  | Mkn180 | MAGIC | 2006ApJ...648L.105A
174.11 | 70.1576 | 3.17276e+26 | 0 | 1.11996e-12 | 1.09514e-12 | 1.09514e-12 | 53818 | 53825 |  |  | Mkn180 | MAGIC | 2006ApJ...648L.105A


299.999 | 65.1485 | 9.2609e+25 | 0 | 6.4631e-10 | 2.35022e-10 | 2.35022e-10 | 52411.3 | 52416.4 |  |  | 1ES1959+650 | Whipple | 2005ApJ...621..181D
299.999 | 65.1485 | 1.35891e+26 | 0 | 1.81162e-10 | 1.06268e-10 | 1.06268e-10 | 52411.3 | 52416.4 |  |  | 1ES1959+650 | Whipple | 2005ApJ...621..181D
299.999 | 65.1485 | 1.83525e+26 | 0 | 1.89212e-10 | 6.92238e-11 | 6.92238e-11 | 52411.3 | 52416.4 |  |  | 1ES1959+650 | Whipple | 2005ApJ...621..181D
299.999 | 65.1485 | 1.99726e+26 | 0 | 1.7818e-10 | 7.43326e-11 | 7.43326e-11 | 52411.3 | 52416.4 |  |  | 1ES1959+650 | Whipple | 2005ApJ...621..181D
299.999 | 65.1485 | 2.41799e+26 | 0 | 1.52687e-10 | 8.81197e-11 | 8.81197e-11 | 52411.3 | 52416.4 |  |  | 1ES1959+650 | Whipple | 2005ApJ...621..181D
299.999 | 65.1485 | 2.92577e+26 | 0 | 1.89302e-10 | 5.62979e-11 | 5.62979e-11 | 52411.3 | 52416.4 |  |  | 1ES1959+650 | Whipple | 2005ApJ...621..181D
299.999 | 65.1485 | 3.82042e+26 | 0 | 1.37989e-10 | 3.6797e-11 | 3.6797e-11 | 52411.3 | 52416.4 |  |  | 1ES1959+650 | Whipple | 2005ApJ...621..181D
299.999 | 65.1485 | 4.30402e+26 | 0 | 1.25386e-10 | 4.87328e-11 | 4.87328e-11 | 52411.3 | 52416.4 |  |  | 1ES1959+650 | Whipple | 2005ApJ...621..181D
299.999 | 65.1485 | 5.0536e+26 | 0 | 1.62364e-10 | 5.38882e-11 | 5.38882e-11 | 52411.3 | 52416.4 |  |  | 1ES1959+650 | Whipple | 2005ApJ...621..181D
299.999 | 65.1485 | 6.31095e+26 | 0 | 3.52528e-11 | 4.14739e-11 | 4.14739e-11 | 52411.3 | 52416.4 |  |  | 1ES1959+650 | Whipple | 2005ApJ...621..181D
299.999 | 65.1485 | 8.00355e+26 | 0 | 1.26035e-10 | 3.51072e-11 | 3.51072e-11 | 52411.3 | 52416.4 |  |  | 1ES1959+650 | Whipple | 2005ApJ...621..181D
299.999 | 65.1485 | 9.2609e+26 | 0 | 5.54651e-11 | 3.76035e-11 | 3.76035e-11 | 52411.3 | 52416.4 |  |  | 1ES1959+650 | Whipple | 2005ApJ...621..181D
299.999 | 65.1485 | 1.05666e+27 | 0 | 1.67975e-10 | 4.28352e-11 | 4.28352e-11 | 52411.3 | 52416.4 |  |  | 1ES1959+650 | Whipple | 2005ApJ...621..181D
299.999 | 65.1485 | 1.35891e+27 | 0 | 9.26049e-11 | 3.33985e-11 | 3.33985e-11 | 52411.3 | 52416.4 |  |  | 1ES1959+650 | Whipple | 2005ApJ...621..181D
299.999 | 65.1485 | 1.67325e+27 | 0 | 4.41154e-11 | 2.53184e-11 | 2.53184e-11 | 52411.3 | 52416.4 |  |  | 1ES1959+650 | Whipple | 2005ApJ...621..181D
299.999 | 65.1485 | 1.99726e+27 | 0 | 4.74417e-11 | 3.38869e-11 | 3.38869e-11 | 52411.3 | 52416.4 |  |  | 1ES1959+650 | Whipple | 2005ApJ...621..181D
299.999 | 65.1485 | 2.20521e+27 | 0 | 1.23399e-10 | 3.46476e-11 | 3.46476e-11 | 52411.3 | 52416.4 |  |  | 1ES1959+650 | Whipple | 2005ApJ...621..181D
299.999 | 65.1485 | 2.92577e+27 | 0 | 2.93218e-11 | 2.58032e-11 | 2.58032e-11 | 52411.3 | 52416.4 |  |  | 1ES1959+650 | Whipple | 2005ApJ...621..181D
299.999 | 65.1485 | 3.50608e+27 | 0 | 5.38972e-12 | 1.4148e-11 | 1.4148e-11 | 52411.3 | 52416.4 |  |  | 1ES1959+650 | Whipple | 2005ApJ...621..181D
299.999 | 65.1485 | 4.30402e+27 | 0 | 1.92393e-11 | 1.37061e-11 | 1.37061e-11 | 52411.3 | 52416.4 |  |  | 1ES1959+650 | Whipple | 2005ApJ...621..181D
299.999 | 65.1485 | 4.61836e+27 | 0 | 1.30341e-11 | 3.39004e-11 | 3.39004e-11 | 52411.3 | 52416.4 |  |  | 1ES1959+650 | Whipple | 2005ApJ...621..181D

299.999 | 65.1485 | 3.67534e+26 | 0 | 9.25417e-11 | 1.85083e-11 | 1.85083e-11 | 52412 | 52415 |  |  | 1ES1959+650 | HEGRA | 2003A&A...406L...9A
299.999 | 65.1485 | 4.88434e+26 | 0 | 5.55689e-11 | 1.046e-11 | 1.046e-11 | 52412 | 52415 |  |  | 1ES1959+650 | HEGRA | 2003A&A...406L...9A
299.999 | 65.1485 | 6.48021e+26 | 0 | 4.60299e-11 | 8.05523e-12 | 8.05523e-12 | 52412 | 52415 |  |  | 1ES1959+650 | HEGRA | 2003A&A...406L...9A
299.999 | 65.1485 | 8.58386e+26 | 0 | 6.05743e-11 | 8.07657e-12 | 8.07657e-12 | 52412 | 52415 |  |  | 1ES1959+650 | HEGRA | 2003A&A...406L...9A
299.999 | 65.1485 | 1.13646e+27 | 0 | 4.60097e-11 | 1.06176e-11 | 1.06176e-11 | 52412 | 52415 |  |  | 1ES1959+650 | HEGRA | 2003A&A...406L...9A
299.999 | 65.1485 | 1.50641e+27 | 0 | 2.79833e-11 | 7.46221e-12 | 7.46221e-12 | 52412 | 52415 |  |  | 1ES1959+650 | HEGRA | 2003A&A...406L...9A
299.999 | 65.1485 | 1.99484e+27 | 0 | 1.19953e-11 | 5.45241e-12 | 5.45241e-12 | 52412 | 52415 |  |  | 1ES1959+650 | HEGRA | 2003A&A...406L...9A
