other_data_collections/2015ApJ...812...60B/BiteauWilliams2015_AllData_ASDC_v2016_12_20.ecsv
# %ECSV 0.9
# ---
# datatype:
# - {name: ra, datatype: float32, unit: deg}
# - {name: dec, datatype: float32, unit: deg}
# - {name: freq, datatype: float32, unit: Hz}
# - {name: freq_err, datatype: float32, unit: Hz}
# - {name: e2dnde, datatype: float32, unit: erg cm-2 s-1}
# - {name: e2dnde_errn, datatype: float32, unit: erg cm-2 s-1}
# - {name: e2dnde_errp, datatype: float32, unit: erg cm-2 s-1}
# - {name: mjd_start, datatype: float32, unit: MJD}
# - {name: mjd_stop, datatype: float32, unit: MJD}
# - {name: ul_flag, datatype: str}
# - {name: note, datatype: str}
# - {name: source, datatype: str}
# - {name: experiment, datatype: str}
# - {name: reference_id, datatype: str}
# meta: !!omap
# - author: J. Biteau
# - creation_date: 2016-12-20
# - dataset_reference: 2015ApJ...812...60B
ra | dec | freq | freq_err | e2dnde | e2dnde_errn | e2dnde_errp | mjd_start | mjd_stop | ul_flag | note | source | experiment | reference_id
[from data line 378]

299.999 | 65.1485 | 4.66853e+25 | 0 | 1.39759e-11 | 5.48283e-12 | 5.48283e-12 | 53876 | 53882 |  |  | 1ES1959+650 | MAGIC | 2008ApJ...679.1029T
299.999 | 65.1485 | 7.72937e+25 | 0 | 6.12296e-12 | 2.06281e-12 | 2.06281e-12 | 53876 | 53882 |  |  | 1ES1959+650 | MAGIC | 2008ApJ...679.1029T
299.999 | 65.1485 | 1.2797e+26 | 0 | 6.41734e-12 | 1.26103e-12 | 1.26103e-12 | 53876 | 53882 |  |  | 1ES1959+650 | MAGIC | 2008ApJ...679.1029T
299.999 | 65.1485 | 2.11871e+26 | 0 | 4.78516e-12 | 1.20305e-12 | 1.20305e-12 | 53876 | 53882 |  |  | 1ES1959+650 | MAGIC | 2008ApJ...679.1029T
299.999 | 65.1485 | 3.50783e+26 | 0 | 3.84399e-12 | 1.02844e-12 | 1.02844e-12 | 53876 | 53882 |  |  | 1ES1959+650 | MAGIC | 2008ApJ...679.1029T
299.999 | 65.1485 | 5.80765e+26 | 0 | 2.19054e-12 | 1.0167e-12 | 1.0167e-12 | 53876 | 53882 |  |  | 1ES1959+650 | MAGIC | 2008ApJ...679.1029T

299.999 | 65.1485 | 7.60941e+25 | 0 | 1.27573e-11 | 4.63326e-12 | 4.63326e-12 | 54417 | 55862 |  |  | 1ES1959+650 | VERITAS | 2013ApJ...775....3A
299.999 | 65.1485 | 1.20609e+26 | 0 | 1.43903e-11 | 2.93387e-12 | 2.93387e-12 | 54417 | 55862 |  |  | 1ES1959+650 | VERITAS | 2013ApJ...775....3A
299.999 | 65.1485 | 1.91166e+26 | 0 | 1.12161e-11 | 2.20316e-12 | 2.20316e-12 | 54417 | 55862 |  |  | 1ES1959+650 | VERITAS | 2013ApJ...775....3A
299.999 | 65.1485 | 3.02974e+26 | 0 | 9.23163e-12 | 1.71804e-12 | 1.71804e-12 | 54417 | 55862 |  |  | 1ES1959+650 | VERITAS | 2013ApJ...775....3A
299.999 | 65.1485 | 4.80213e+26 | 0 | 9.60533e-12 | 1.68725e-12 | 1.68725e-12 | 54417 | 55862 |  |  | 1ES1959+650 | VERITAS | 2013ApJ...775....3A
299.999 | 65.1485 | 7.60941e+26 | 0 | 5.72811e-12 | 1.46455e-12 | 1.46455e-12 | 54417 | 55862 |  |  | 1ES1959+650 | VERITAS | 2013ApJ...775....3A
299.999 | 65.1485 | 1.20609e+27 | 0 | 4.345e-12 | 1.42309e-12 | 1.42309e-12 | 54417 | 55862 |  |  | 1ES1959+650 | VERITAS | 2013ApJ...775....3A
299.999 | 65.1485 | 1.91166e+27 | 0 | 1.49214e-12 | 9.96431e-13 | 9.96431e-13 | 54417 | 55862 |  |  | 1ES1959+650 | VERITAS | 2013ApJ...775....3A


330.68 | 42.2778 | 3.77666e+25 | 0 | 7.97346e-12 | 4.14307e-12 | 4.14307e-12 | 53583 | 53735 |  |  | BLLac | MAGIC | 2007ApJ...666L..17A
330.68 | 42.2778 | 5.49261e+25 | 0 | 4.67924e-12 | 1.76092e-12 | 1.76092e-12 | 53583 | 53735 |  |  | BLLac | MAGIC | 2007ApJ...666L..17A
330.68 | 42.2778 | 7.98819e+25 | 0 | 2.09836e-12 | 1.21005e-12 | 1.21005e-12 | 53583 | 53735 |  |  | BLLac | MAGIC | 2007ApJ...666L..17A
330.68 | 42.2778 | 1.16177e+26 | 0 | 1.05041e-12 | 8.06302e-13 | 8.06302e-13 | 53583 | 53735 |  |  | BLLac | MAGIC | 2007ApJ...666L..17A
330.68 | 42.2778 | 1.68963e+26 | 0 | 8.84018e-13 | 5.60921e-13 | 5.60921e-13 | 53583 | 53735 |  |  | BLLac | MAGIC | 2007ApJ...666L..17A

330.68 | 42.2778 | 5.4163e+25 | 0 | 1.3586e-10 | 2.36349e-11 | 2.36349e-11 | 55739.5 | 55740.5 |  |  | BLLac | VERITAS | 2013ApJ...762...92A
330.68 | 42.2778 | 6.81873e+25 | 0 | 8.31997e-11 | 1.91117e-11 | 1.91117e-11 | 55739.5 | 55740.5 |  |  | BLLac | VERITAS | 2013ApJ...762...92A
330.68 | 42.2778 | 8.58386e+25 | 0 | 1.07822e-10 | 2.18067e-11 | 2.18067e-11 | 55739.5 | 55740.5 |  |  | BLLac | VERITAS | 2013ApJ...762...92A
330.68 | 42.2778 | 1.08084e+26 | 0 | 3.29733e-11 | 1.28692e-11 | 1.28692e-11 | 55739.5 | 55740.5 |  |  | BLLac | VERITAS | 2013ApJ...762...92A
330.68 | 42.2778 | 1.35891e+26 | 0 | 2.1962e-11 | 1.21449e-11 | 1.21449e-11 | 55739.5 | 55740.5 |  |  | BLLac | VERITAS | 2013ApJ...762...92A


302.356 | -48.8316 | 8.26952e+25 | 0 | 4.61371e-12 | 2.04075e-12 | 2.04075e-12 | 53171 | 54345 |  |  | PKS2005-489 | HESS | 2010A&A...511A..52H
302.356 | -48.8316 | 1.1026e+26 | 0 | 2.64155e-12 | 4.23767e-13 | 4.23767e-13 | 53171 | 54345 |  |  | PKS2005-489 | HESS | 2010A&A...511A..52H
302.356 | -48.8316 | 1.47014e+26 | 0 | 2.46857e-12 | 2.98088e-13 | 2.98088e-13 | 53171 | 54345 |  |  | PKS2005-489 | HESS | 2010A&A...511A..52H
302.356 | -48.8316 | 1.96341e+26 | 0 | 1.62155e-12 | 2.46666e-13 | 2.46666e-13 | 53171 | 54345 |  |  | PKS2005-489 | HESS | 2010A&A...511A..52H
302.356 | -48.8316 | 2.61868e+26 | 0 | 6.38356e-13 | 2.09152e-13 | 2.09152e-13 | 53171 | 54345 |  |  | PKS2005-489 | HESS | 2010A&A...511A..52H
302.356 | -48.8316 | 3.49158e+26 | 0 | 6.08352e-13 | 2.02316e-13 | 2.02316e-13 | 53171 | 54345 |  |  | PKS2005-489 | HESS | 2010A&A...511A..52H
302.356 | -48.8316 | 4.65463e+26 | 0 | 4.57748e-13 | 2.02216e-13 | 2.02216e-13 | 53171 | 54345 |  |  | PKS2005-489 | HESS | 2010A&A...511A..52H
302.356 | -48.8316 | 6.20698e+26 | 0 | 5.42974e-13 | 1.94997e-13 | 1.94997e-13 | 53171 | 54345 |  |  | PKS2005-489 | HESS | 2010A&A...511A..52H
302.356 | -48.8316 | 8.2792e+26 | 0 | 5.50546e-13 | 2.13381e-13 | 2.13381e-13 | 53171 | 54345 |  |  | PKS2005-489 | HESS | 2010A&A...511A..52H
302.356 | -48.8316 | 1.10381e+27 | 0 | 3.44899e-13 | 2.45603e-13 | 2.45603e-13 | 53171 | 54345 |  |  | PKS2005-489 | HESS | 2010A&A...511A..52H


28.165 | 1.78816 | 7.2729e+25 | 0 | 2.94827e-12 | 9.67393e-13 | 9.67393e-13 | 54403 | 54418 |  |  | RGBJ0152+017 | HESS | 2008A&A...481L.103A
28.165 | 1.78816 | 1.1423e+26 | 0 | 2.01832e-12 | 5.84383e-13 | 5.84383e-13 | 54403 | 54418 |  |  | RGBJ0152+017 | HESS | 2008A&A...481L.103A
28.165 | 1.78816 | 1.79416e+26 | 0 | 1.06145e-12 | 4.42679e-13 | 4.42679e-13 | 54403 | 54418 |  |  | RGBJ0152+017 | HESS | 2008A&A...481L.103A
28.165 | 1.78816 | 2.818e+26 | 0 | 6.79775e-13 | 4.70346e-13 | 4.70346e-13 | 54403 | 54418 |  |  | RGBJ0152+017 | HESS | 2008A&A...481L.103A
28.165 | 1.78816 | 4.42607e+26 | 0 | 6.36629e-13 | 4.56318e-13 | 4.56318e-13 | 54403 | 54418 |  |  | RGBJ0152+017 | HESS | 2008A&A...481L.103A
28.165 | 1.78816 | 6.9518e+26 | 0 | 5.4263e-13 | 4.64998e-13 | 4.64998e-13 | 54403 | 54418 |  |  | RGBJ0152+017 | HESS | 2008A&A...481L.103A


3.48356 | -18.9018 | 1.07649e+26 | 0 | 6.0558e-13 | 1.32262e-13 | 1.32262e-13 | 54653 | 55912 |  |  | SHBLJ001355.9-185406 | HESS | 2013A&A...554A..72H
3.48356 | -18.9018 | 2.29636e+26 | 0 | 2.11266e-13 | 9.67245e-14 | 9.67245e-14 | 54653 | 55912 |  |  | SHBLJ001355.9-185406 | HESS | 2013A&A...554A..72H
3.48356 | -18.9018 | 5.12856e+26 | 0 | 6.05512e-14 | 7.05373e-14 | 7.05373e-14 | 54653 | 55912 |  |  | SHBLJ001355.9-185406 | HESS | 2013A&A...554A..72H


185.382 | 28.2329 | 6.39384e+25 | 0 | 1.0077e-11 | 2.50769e-12 | 2.50769e-12 | 54536.3 | 54540.5 |  |  | Wcomae | VERITAS | 2008ApJ...684L..73A
185.382 | 28.2329 | 9.23696e+25 | 0 | 8.56655e-12 | 1.74637e-12 | 1.74637e-12 | 54536.3 | 54540.5 |  |  | Wcomae | VERITAS | 2008ApJ...684L..73A
185.382 | 28.2329 | 1.33443e+26 | 0 | 2.68241e-12 | 1.10317e-12 | 1.10317e-12 | 54536.3 | 54540.5 |  |  | Wcomae | VERITAS | 2008ApJ...684L..73A
185.382 | 28.2329 | 1.92781e+26 | 0 | 1.42604e-12 | 9.7023e-13 | 9.7023e-13 | 54536.3 | 54540.5 |  |  | Wcomae | VERITAS | 2008ApJ...684L..73A
185.382 | 28.2329 | 2.78504e+26 | 0 | 5.03832e-13 | 7.37289e-13 | 7.37289e-13 | 54536.3 | 54540.5 |  |  | Wcomae | VERITAS | 2008ApJ...684L..73A


198.764 | -42.6139 | 8.84984e+25 | 0 | 5.79069e-13 | 4.5504e-13 | 4.94058e-13 | 53291.4 | 55116.4 |  |  | 1ES1312-423 | HESS | 2013MNRAS.434.1889H
198.764 | -42.6139 | 1.62247e+26 | 0 | 5.56065e-13 | 1.94018e-13 | 2.05019e-13 | 53291.4 | 55116.4 |  |  | 1ES1312-423 | HESS | 2013MNRAS.434.1889H
198.764 | -42.6139 | 2.97413e+26 | 0 | 3.86036e-13 | 1.46015e-13 | 1.55018e-13 | 53291.4 | 55116.4 |  |  | 1ES1312-423 | HESS | 2013MNRAS.434.1889H
198.764 | -42.6139 | 5.44048e+26 | 0 | 1.56015e-13 | 1.2701e-13 | 1.38017e-13 | 53291.4 | 55116.4 |  |  | 1ES1312-423 | HESS | 2013MNRAS.434.1889H
198.764 | -42.6139 | 9.96212e+26 | 0 | 1.57016e-13 | 1.25015e-13 | 1.40016e-13 | 53291.4 | 55116.4 |  |  | 1ES1312-423 | HESS | 2013MNRAS.434.1889H


80.4415 | 21.2143 | 5.4132e+25 | 0 | 9.75271e-12 | 2.5656e-12 | 2.5656e-12 | 55126 | 55212 |  |  | VERJ0521+211 | VERITAS | 2013ApJ...776...69A
80.4415 | 21.2143 | 6.81481e+25 | 0 | 9.91502e-12 | 1.79714e-12 | 1.79714e-12 | 55126 | 55212 |  |  | VERJ0521+211 | VERITAS | 2013ApJ...776...69A
80.4415 | 21.2143 | 8.57934e+25 | 0 | 6.37514e-12 | 1.31149e-12 | 1.31149e-12 | 55126 | 55212 |  |  | VERJ0521+211 | VERITAS | 2013ApJ...776...69A
80.4415 | 21.2143 | 1.08008e+26 | 0 | 4.6927e-12 | 1.01378e-12 | 1.01378e-12 | 55126 | 55212 |  |  | VERJ0521+211 | VERITAS | 2013ApJ...776...69A
80.4415 | 21.2143 | 1.35973e+26 | 0 | 3.67569e-12 | 8.8805e-13 | 8.8805e-13 | 55126 | 55212 |  |  | VERJ0521+211 | VERITAS | 2013ApJ...776...69A
80.4415 | 21.2143 | 1.71181e+26 | 0 | 1.5885e-12 | 6.21782e-13 | 6.21782e-13 | 55126 | 55212 |  |  | VERJ0521+211 | VERITAS | 2013ApJ...776...69A
80.4415 | 21.2143 | 2.15504e+26 | 0 | 1.55927e-12 | 6.10256e-13 | 6.10256e-13 | 55126 | 55212 |  |  | VERJ0521+211 | VERITAS | 2013ApJ...776...69A
80.4415 | 21.2143 | 2.71303e+26 | 0 | 1.17502e-12 | 5.70964e-13 | 5.70964e-13 | 55126 | 55212 |  |  | VERJ0521+211 | VERITAS | 2013ApJ...776...69A


329.717 | -30.2256 | 9.84274e+25 | 0 | 5.87032e-11 | 1.07743e-11 | 1.07743e-11 | 52456 | 52486 |  |  | PKS2155-304 | HESS | 2005A&A...430..865A
329.717 | -30.2256 | 1.31223e+26 | 0 | 4.87062e-11 | 8.38509e-12 | 8.38509e-12 | 52456 | 52486 |  |  | PKS2155-304 | HESS | 2005A&A...430..865A
329.717 | -30.2256 | 1.7512e+26 | 0 | 2.27708e-11 | 6.47273e-12 | 6.47273e-12 | 52456 | 52486 |  |  | PKS2155-304 | HESS | 2005A&A...430..865A
329.717 | -30.2256 | 2.33463e+26 | 0 | 1.68211e-11 | 6.55861e-12 | 6.55861e-12 | 52456 | 52486 |  |  | PKS2155-304 | HESS | 2005A&A...430..865A
329.717 | -30.2256 | 3.11232e+26 | 0 | 2.5347e-11 | 9.27213e-12 | 9.27213e-12 | 52456 | 52486 |  |  | PKS2155-304 | HESS | 2005A&A...430..865A
329.717 | -30.2256 | 4.14975e+26 | 0 | 2.26713e-11 | 7.06287e-12 | 7.06287e-12 | 52456 | 52486 |  |  | PKS2155-304 | HESS | 2005A&A...430..865A
329.717 | -30.2256 | 5.53333e+26 | 0 | 1.98354e-11 | 1.11011e-11 | 1.11011e-11 | 52456 | 52486 |  |  | PKS2155-304 | HESS | 2005A&A...430..865A
329.717 | -30.2256 | 7.37917e+26 | 0 | 1.26551e-11 | 7.75985e-12 | 7.75985e-12 | 52456 | 52486 |  |  | PKS2155-304 | HESS | 2005A&A...430..865A
329.717 | -30.2256 | 9.84168e+26 | 0 | 9.44139e-12 | 9.81218e-12 | 9.81218e-12 | 52456 | 52486 |  |  | PKS2155-304 | HESS | 2005A&A...430..865A

329.717 | -30.2256 | 9.82545e+25 | 0 | 2.70528e-11 | 8.07087e-12 | 8.07087e-12 | 52548 | 52578 |  |  | PKS2155-304 | HESS | 2005A&A...430..865A
329.717 | -30.2256 | 1.30988e+26 | 0 | 2.00847e-11 | 5.78941e-12 | 5.78941e-12 | 52548 | 52578 |  |  | PKS2155-304 | HESS | 2005A&A...430..865A
329.717 | -30.2256 | 1.7481e+26 | 0 | 1.34397e-11 | 4.95897e-12 | 4.95897e-12 | 52548 | 52578 |  |  | PKS2155-304 | HESS | 2005A&A...430..865A
329.717 | -30.2256 | 2.3305e+26 | 0 | 8.80163e-12 | 4.91149e-12 | 4.91149e-12 | 52548 | 52578 |  |  | PKS2155-304 | HESS | 2005A&A...430..865A
329.717 | -30.2256 | 3.1068e+26 | 0 | 1.06795e-11 | 5.43837e-12 | 5.43837e-12 | 52548 | 52578 |  |  | PKS2155-304 | HESS | 2005A&A...430..865A
329.717 | -30.2256 | 4.1424e+26 | 0 | 4.83881e-12 | 5.80644e-12 | 5.80644e-12 | 52548 | 52578 |  |  | PKS2155-304 | HESS | 2005A&A...430..865A

329.717 | -30.2256 | 9.79484e+25 | 0 | 1.42184e-11 | 1.68121e-12 | 1.68121e-12 | 52791 | 52820 |  |  | PKS2155-304 | HESS | 2005A&A...430..865A
329.717 | -30.2256 | 1.30571e+26 | 0 | 1.13203e-11 | 1.33258e-12 | 1.33258e-12 | 52791 | 52820 |  |  | PKS2155-304 | HESS | 2005A&A...430..865A
329.717 | -30.2256 | 1.7426e+26 | 0 | 5.61863e-12 | 1.10314e-12 | 1.10314e-12 | 52791 | 52820 |  |  | PKS2155-304 | HESS | 2005A&A...430..865A
329.717 | -30.2256 | 2.32318e+26 | 0 | 4.97143e-12 | 9.23462e-13 | 9.23462e-13 | 52791 | 52820 |  |  | PKS2155-304 | HESS | 2005A&A...430..865A
329.717 | -30.2256 | 3.09703e+26 | 0 | 2.19376e-12 | 8.26039e-13 | 8.26039e-13 | 52791 | 52820 |  |  | PKS2155-304 | HESS | 2005A&A...430..865A
329.717 | -30.2256 | 4.12937e+26 | 0 | 1.16087e-12 | 7.65886e-13 | 7.65886e-13 | 52791 | 52820 |  |  | PKS2155-304 | HESS | 2005A&A...430..865A
329.717 | -30.2256 | 5.5061e+26 | 0 | 7.30926e-13 | 7.51784e-13 | 7.51784e-13 | 52791 | 52820 |  |  | PKS2155-304 | HESS | 2005A&A...430..865A

329.717 | -30.2256 | 5.51979e+25 | 0 | 1.92048e-11 | 2.61494e-12 | 2.61494e-12 | 52821 | 52851 |  |  | PKS2155-304 | HESS | 2005A&A...430..865A
329.717 | -30.2256 | 7.36508e+25 | 0 | 1.08988e-11 | 1.33037e-12 | 1.33037e-12 | 52821 | 52851 |  |  | PKS2155-304 | HESS | 2005A&A...430..865A
329.717 | -30.2256 | 9.81435e+25 | 0 | 9.21192e-12 | 1.05581e-12 | 1.05581e-12 | 52821 | 52851 |  |  | PKS2155-304 | HESS | 2005A&A...430..865A
329.717 | -30.2256 | 1.30837e+26 | 0 | 5.67607e-12 | 8.15492e-13 | 8.15492e-13 | 52821 | 52851 |  |  | PKS2155-304 | HESS | 2005A&A...430..865A
329.717 | -30.2256 | 1.74611e+26 | 0 | 4.75103e-12 | 6.97251e-13 | 6.97251e-13 | 52821 | 52851 |  |  | PKS2155-304 | HESS | 2005A&A...430..865A
329.717 | -30.2256 | 2.32785e+26 | 0 | 2.63237e-12 | 6.3547e-13 | 6.3547e-13 | 52821 | 52851 |  |  | PKS2155-304 | HESS | 2005A&A...430..865A
329.717 | -30.2256 | 3.10327e+26 | 0 | 1.84731e-12 | 6.27198e-13 | 6.27198e-13 | 52821 | 52851 |  |  | PKS2155-304 | HESS | 2005A&A...430..865A
329.717 | -30.2256 | 4.13769e+26 | 0 | 1.75011e-12 | 5.74885e-13 | 5.74885e-13 | 52821 | 52851 |  |  | PKS2155-304 | HESS | 2005A&A...430..865A
329.717 | -30.2256 | 5.5172e+26 | 0 | 5.74601e-13 | 4.89128e-13 | 4.89128e-13 | 52821 | 52851 |  |  | PKS2155-304 | HESS | 2005A&A...430..865A

329.717 | -30.2256 | 5.51599e+25 | 0 | 2.1085e-11 | 1.99031e-12 | 1.99031e-12 | 52852 | 52882 |  |  | PKS2155-304 | HESS | 2005A&A...430..865A
329.717 | -30.2256 | 7.36007e+25 | 0 | 1.36586e-11 | 1.23562e-12 | 1.23562e-12 | 52852 | 52882 |  |  | PKS2155-304 | HESS | 2005A&A...430..865A
329.717 | -30.2256 | 9.80775e+25 | 0 | 1.08571e-11 | 1.01072e-12 | 1.01072e-12 | 52852 | 52882 |  |  | PKS2155-304 | HESS | 2005A&A...430..865A
329.717 | -30.2256 | 1.30747e+26 | 0 | 6.63126e-12 | 8.28419e-13 | 8.28419e-13 | 52852 | 52882 |  |  | PKS2155-304 | HESS | 2005A&A...430..865A
329.717 | -30.2256 | 1.74492e+26 | 0 | 5.41882e-12 | 7.50919e-13 | 7.50919e-13 | 52852 | 52882 |  |  | PKS2155-304 | HESS | 2005A&A...430..865A
329.717 | -30.2256 | 2.32627e+26 | 0 | 2.94721e-12 | 6.27292e-13 | 6.27292e-13 | 52852 | 52882 |  |  | PKS2155-304 | HESS | 2005A&A...430..865A
329.717 | -30.2256 | 3.10114e+26 | 0 | 9.91446e-13 | 6.11069e-13 | 6.11069e-13 | 52852 | 52882 |  |  | PKS2155-304 | HESS | 2005A&A...430..865A
329.717 | -30.2256 | 4.13486e+26 | 0 | 7.69413e-13 | 6.71236e-13 | 6.71236e-13 | 52852 | 52882 |  |  | PKS2155-304 | HESS | 2005A&A...430..865A
329.717 | -30.2256 | 5.51345e+26 | 0 | 1.33192e-12 | 5.90444e-13 | 5.90444e-13 | 52852 | 52882 |  |  | PKS2155-304 | HESS | 2005A&A...430..865A

329.717 | -30.2256 | 5.51389e+25 | 0 | 2.87604e-11 | 3.75081e-12 | 3.75081e-12 | 52883 | 52912 |  |  | PKS2155-304 | HESS | 2005A&A...430..865A
329.717 | -30.2256 | 7.35726e+25 | 0 | 1.99468e-11 | 2.5375e-12 | 2.5375e-12 | 52883 | 52912 |  |  | PKS2155-304 | HESS | 2005A&A...430..865A
329.717 | -30.2256 | 9.80405e+25 | 0 | 1.69702e-11 | 2.4496e-12 | 2.4496e-12 | 52883 | 52912 |  |  | PKS2155-304 | HESS | 2005A&A...430..865A
329.717 | -30.2256 | 1.30697e+26 | 0 | 8.49286e-12 | 1.77493e-12 | 1.77493e-12 | 52883 | 52912 |  |  | PKS2155-304 | HESS | 2005A&A...430..865A
329.717 | -30.2256 | 1.74425e+26 | 0 | 5.86763e-12 | 1.41103e-12 | 1.41103e-12 | 52883 | 52912 |  |  | PKS2155-304 | HESS | 2005A&A...430..865A
329.717 | -30.2256 | 2.32539e+26 | 0 | 3.18893e-12 | 1.4348e-12 | 1.4348e-12 | 52883 | 52912 |  |  | PKS2155-304 | HESS | 2005A&A...430..865A
329.717 | -30.2256 | 3.09998e+26 | 0 | 1.63556e-12 | 1.94242e-12 | 1.94242e-12 | 52883 | 52912 |  |  | PKS2155-304 | HESS | 2005A&A...430..865A
329.717 | -30.2256 | 4.13331e+26 | 0 | 1.97375e-12 | 1.65224e-12 | 1.65224e-12 | 52883 | 52912 |  |  | PKS2155-304 | HESS | 2005A&A...430..865A

329.717 | -30.2256 | 5.64601e+25 | 0 | 3.24958e-11 | 3.68635e-12 | 3.68635e-12 | 52931 | 52969 |  |  | PKS2155-304 | HESS | 2005A&A...442..895A
