other_data_collections/2015ApJ...812...60B/BiteauWilliams2015_AllData_ASDC_v2016_12_20.ecsv
# %ECSV 0.9
# ---
# datatype:
# - {name: ra, datatype: float32, unit: deg}
# - {name: dec, datatype: float32, unit: deg}
# - {name: freq, datatype: float32, unit: Hz}
# - {name: freq_err, datatype: float32, unit: Hz}
# - {name: e2dnde, datatype: float32, unit: erg cm-2 s-1}
# - {name: e2dnde_errn, datatype: float32, unit: erg cm-2 s-1}
# - {name: e2dnde_errp, datatype: float32, unit: erg cm-2 s-1}
# - {name: mjd_start, datatype: float32, unit: MJD}
# - {name: mjd_stop, datatype: float32, unit: MJD}
# - {name: ul_flag, datatype: str}
# - {name: note, datatype: str}
# - {name: source, datatype: str}
# - {name: experiment, datatype: str}
# - {name: reference_id, datatype: str}
# meta: !!omap
# - author: J. Biteau
# - creation_date: 2016-12-20
# - dataset_reference: 2015ApJ...812...60B
ra | dec | freq | freq_err | e2dnde | e2dnde_errn | e2dnde_errp | mjd_start | mjd_stop | ul_flag | note | source | experiment | reference_id
[from data line 514]
329.717 | -30.2256 | 1.00347e+26 | 0 | 1.8736e-11 | 1.43486e-12 | 1.43486e-12 | 52931 | 52969 |  |  | PKS2155-304 | HESS | 2005A&A...442..895A
329.717 | -30.2256 | 1.33836e+26 | 0 | 1.07005e-11 | 9.76784e-13 | 9.76784e-13 | 52931 | 52969 |  |  | PKS2155-304 | HESS | 2005A&A...442..895A
329.717 | -30.2256 | 1.78569e+26 | 0 | 5.93309e-12 | 7.34865e-13 | 7.34865e-13 | 52931 | 52969 |  |  | PKS2155-304 | HESS | 2005A&A...442..895A
329.717 | -30.2256 | 2.38051e+26 | 0 | 4.95373e-12 | 6.5998e-13 | 6.5998e-13 | 52931 | 52969 |  |  | PKS2155-304 | HESS | 2005A&A...442..895A
329.717 | -30.2256 | 3.17361e+26 | 0 | 2.7048e-12 | 5.4924e-13 | 5.4924e-13 | 52931 | 52969 |  |  | PKS2155-304 | HESS | 2005A&A...442..895A
329.717 | -30.2256 | 4.23148e+26 | 0 | 2.36992e-12 | 5.0048e-13 | 5.0048e-13 | 52931 | 52969 |  |  | PKS2155-304 | HESS | 2005A&A...442..895A
329.717 | -30.2256 | 5.64238e+26 | 0 | 1.3697e-12 | 5.38284e-13 | 5.38284e-13 | 52931 | 52969 |  |  | PKS2155-304 | HESS | 2005A&A...442..895A
329.717 | -30.2256 | 7.52478e+26 | 0 | 1.41199e-12 | 5.98931e-13 | 5.98931e-13 | 52931 | 52969 |  |  | PKS2155-304 | HESS | 2005A&A...442..895A

329.717 | -30.2256 | 5.39212e+25 | 0 | 2.95593e-11 | 1.03577e-12 | 1.03577e-12 | 53522 | 54403 |  |  | PKS2155-304 | HESS | 2010A&A...520A..83H
329.717 | -30.2256 | 7.03635e+25 | 0 | 1.8723e-11 | 7.54347e-13 | 7.54347e-13 | 53522 | 54403 |  |  | PKS2155-304 | HESS | 2010A&A...520A..83H
329.717 | -30.2256 | 9.21254e+25 | 0 | 1.27915e-11 | 6.27949e-13 | 6.27949e-13 | 53522 | 54403 |  |  | PKS2155-304 | HESS | 2010A&A...520A..83H
329.717 | -30.2256 | 1.20416e+26 | 0 | 9.2979e-12 | 5.68205e-13 | 5.68205e-13 | 53522 | 54403 |  |  | PKS2155-304 | HESS | 2010A&A...520A..83H
329.717 | -30.2256 | 1.57411e+26 | 0 | 5.75795e-12 | 5.06537e-13 | 5.06537e-13 | 53522 | 54403 |  |  | PKS2155-304 | HESS | 2010A&A...520A..83H
329.717 | -30.2256 | 2.05771e+26 | 0 | 2.7383e-12 | 4.76882e-13 | 4.76882e-13 | 53522 | 54403 |  |  | PKS2155-304 | HESS | 2010A&A...520A..83H
329.717 | -30.2256 | 2.69122e+26 | 0 | 2.20305e-12 | 4.48548e-13 | 4.48548e-13 | 53522 | 54403 |  |  | PKS2155-304 | HESS | 2010A&A...520A..83H
329.717 | -30.2256 | 3.52059e+26 | 0 | 1.95979e-12 | 4.31357e-13 | 4.2796e-13 | 53522 | 54403 |  |  | PKS2155-304 | HESS | 2010A&A...520A..83H
329.717 | -30.2256 | 4.60385e+26 | 0 | 1.35913e-12 | 4.13546e-13 | 4.13546e-13 | 53522 | 54403 |  |  | PKS2155-304 | HESS | 2010A&A...520A..83H
329.717 | -30.2256 | 6.01838e+26 | 0 | 8.67504e-13 | 3.68243e-13 | 3.68243e-13 | 53522 | 54403 |  |  | PKS2155-304 | HESS | 2010A&A...520A..83H
329.717 | -30.2256 | 7.87056e+26 | 0 | 8.19897e-13 | 3.64965e-13 | 3.64965e-13 | 53522 | 54403 |  |  | PKS2155-304 | HESS | 2010A&A...520A..83H
329.717 | -30.2256 | 1.02934e+27 | 0 | 4.00679e-13 | 3.04865e-13 | 3.04865e-13 | 53522 | 54403 |  |  | PKS2155-304 | HESS | 2010A&A...520A..83H

329.717 | -30.2256 | 6.7981e+25 | 0 | 3.96325e-10 | 5.37062e-12 | 5.37062e-12 | 53943 | 53946 |  |  | PKS2155-304 | HESS | 2013PhRvD..88j2003A
329.717 | -30.2256 | 7.89961e+25 | 0 | 3.41448e-10 | 5.12267e-12 | 5.12267e-12 | 53943 | 53946 |  |  | PKS2155-304 | HESS | 2013PhRvD..88j2003A
329.717 | -30.2256 | 9.17957e+25 | 0 | 2.9215e-10 | 4.94937e-12 | 4.94937e-12 | 53943 | 53946 |  |  | PKS2155-304 | HESS | 2013PhRvD..88j2003A
329.717 | -30.2256 | 1.0667e+26 | 0 | 2.41602e-10 | 4.49497e-12 | 4.49497e-12 | 53943 | 53946 |  |  | PKS2155-304 | HESS | 2013PhRvD..88j2003A
329.717 | -30.2256 | 1.23953e+26 | 0 | 1.92762e-10 | 4.30001e-12 | 4.30001e-12 | 53943 | 53946 |  |  | PKS2155-304 | HESS | 2013PhRvD..88j2003A
329.717 | -30.2256 | 1.44037e+26 | 0 | 1.51353e-10 | 3.92954e-12 | 3.92954e-12 | 53943 | 53946 |  |  | PKS2155-304 | HESS | 2013PhRvD..88j2003A
329.717 | -30.2256 | 1.67376e+26 | 0 | 1.14255e-10 | 3.68115e-12 | 3.68115e-12 | 53943 | 53946 |  |  | PKS2155-304 | HESS | 2013PhRvD..88j2003A
329.717 | -30.2256 | 1.94495e+26 | 0 | 8.77408e-11 | 3.21933e-12 | 3.21933e-12 | 53943 | 53946 |  |  | PKS2155-304 | HESS | 2013PhRvD..88j2003A
329.717 | -30.2256 | 2.2601e+26 | 0 | 6.19704e-11 | 2.94371e-12 | 2.94371e-12 | 53943 | 53946 |  |  | PKS2155-304 | HESS | 2013PhRvD..88j2003A
329.717 | -30.2256 | 2.6263e+26 | 0 | 4.52628e-11 | 2.45754e-12 | 2.45754e-12 | 53943 | 53946 |  |  | PKS2155-304 | HESS | 2013PhRvD..88j2003A
329.717 | -30.2256 | 3.05184e+26 | 0 | 3.82532e-11 | 2.51068e-12 | 2.51068e-12 | 53943 | 53946 |  |  | PKS2155-304 | HESS | 2013PhRvD..88j2003A
329.717 | -30.2256 | 3.54633e+26 | 0 | 2.38881e-11 | 2.10262e-12 | 2.10262e-12 | 53943 | 53946 |  |  | PKS2155-304 | HESS | 2013PhRvD..88j2003A
329.717 | -30.2256 | 4.12094e+26 | 0 | 1.79492e-11 | 1.88129e-12 | 1.88129e-12 | 53943 | 53946 |  |  | PKS2155-304 | HESS | 2013PhRvD..88j2003A
329.717 | -30.2256 | 4.78865e+26 | 0 | 1.26275e-11 | 1.71418e-12 | 1.71418e-12 | 53943 | 53946 |  |  | PKS2155-304 | HESS | 2013PhRvD..88j2003A
329.717 | -30.2256 | 5.56457e+26 | 0 | 7.85089e-12 | 1.45887e-12 | 1.45887e-12 | 53943 | 53946 |  |  | PKS2155-304 | HESS | 2013PhRvD..88j2003A
329.717 | -30.2256 | 6.46619e+26 | 0 | 7.17677e-12 | 1.44883e-12 | 1.44883e-12 | 53943 | 53946 |  |  | PKS2155-304 | HESS | 2013PhRvD..88j2003A
329.717 | -30.2256 | 7.51392e+26 | 0 | 5.78482e-12 | 1.43394e-12 | 1.43394e-12 | 53943 | 53946 |  |  | PKS2155-304 | HESS | 2013PhRvD..88j2003A
329.717 | -30.2256 | 8.73139e+26 | 0 | 3.64472e-12 | 1.26274e-12 | 1.26274e-12 | 53943 | 53946 |  |  | PKS2155-304 | HESS | 2013PhRvD..88j2003A

329.717 | -30.2256 | 7.64085e+25 | 0 | 1.03992e-10 | 1.31509e-11 | 1.31509e-11 | 53944.1 | 53949.2 |  |  | PKS2155-304 | MAGIC | 2012A&A...544A..75A
329.717 | -30.2256 | 1.21141e+26 | 0 | 7.68103e-11 | 1.01341e-11 | 1.01341e-11 | 53944.1 | 53949.2 |  |  | PKS2155-304 | MAGIC | 2012A&A...544A..75A
329.717 | -30.2256 | 1.91988e+26 | 0 | 4.414e-11 | 7.2927e-12 | 7.2927e-12 | 53944.1 | 53949.2 |  |  | PKS2155-304 | MAGIC | 2012A&A...544A..75A
329.717 | -30.2256 | 3.04425e+26 | 0 | 1.67866e-11 | 5.51089e-12 | 5.51089e-12 | 53944.1 | 53949.2 |  |  | PKS2155-304 | MAGIC | 2012A&A...544A..75A
329.717 | -30.2256 | 4.82389e+26 | 0 | 1.15418e-11 | 4.17674e-12 | 4.17674e-12 | 53944.1 | 53949.2 |  |  | PKS2155-304 | MAGIC | 2012A&A...544A..75A
329.717 | -30.2256 | 7.64568e+26 | 0 | 4.29308e-12 | 2.81934e-12 | 2.81934e-12 | 53944.1 | 53949.2 |  |  | PKS2155-304 | MAGIC | 2012A&A...544A..75A

329.717 | -30.2256 | 1.04215e+26 | 0 | 8.15186e-11 | 1.31787e-11 | 1.31787e-11 | 53948.5 | 53949.5 |  |  | PKS2155-304 | HESS | 2012A&A...539A.149H
329.717 | -30.2256 | 1.31055e+26 | 0 | 4.55459e-11 | 8.50015e-12 | 8.50015e-12 | 53948.5 | 53949.5 |  |  | PKS2155-304 | HESS | 2012A&A...539A.149H
329.717 | -30.2256 | 1.64907e+26 | 0 | 4.4273e-11 | 7.86197e-12 | 7.86197e-12 | 53948.5 | 53949.5 |  |  | PKS2155-304 | HESS | 2012A&A...539A.149H
329.717 | -30.2256 | 2.07222e+26 | 0 | 2.52406e-11 | 6.30485e-12 | 6.30485e-12 | 53948.5 | 53949.5 |  |  | PKS2155-304 | HESS | 2012A&A...539A.149H
329.717 | -30.2256 | 2.60659e+26 | 0 | 1.29269e-11 | 4.89484e-12 | 4.89484e-12 | 53948.5 | 53949.5 |  |  | PKS2155-304 | HESS | 2012A&A...539A.149H
329.717 | -30.2256 | 3.27638e+26 | 0 | 1.96325e-11 | 6.11566e-12 | 6.11566e-12 | 53948.5 | 53949.5 |  |  | PKS2155-304 | HESS | 2012A&A...539A.149H
329.717 | -30.2256 | 4.12025e+26 | 0 | 1.04672e-11 | 4.53906e-12 | 4.53906e-12 | 53948.5 | 53949.5 |  |  | PKS2155-304 | HESS | 2012A&A...539A.149H
329.717 | -30.2256 | 8.00355e+25 | 0 | 7.38129e-11 | 5.17305e-12 | 5.17305e-12 | 53949.5 | 53950.5 |  |  | PKS2155-304 | HESS | 2012A&A...539A.149H
329.717 | -30.2256 | 1.01314e+26 | 0 | 4.7255e-11 | 4.25014e-12 | 4.25014e-12 | 53949.5 | 53950.5 |  |  | PKS2155-304 | HESS | 2012A&A...539A.149H
329.717 | -30.2256 | 1.28395e+26 | 0 | 3.59187e-11 | 3.72017e-12 | 3.72017e-12 | 53949.5 | 53950.5 |  |  | PKS2155-304 | HESS | 2012A&A...539A.149H
329.717 | -30.2256 | 1.62731e+26 | 0 | 2.61315e-11 | 3.24158e-12 | 3.24158e-12 | 53949.5 | 53950.5 |  |  | PKS2155-304 | HESS | 2012A&A...539A.149H
329.717 | -30.2256 | 2.06255e+26 | 0 | 1.37909e-11 | 2.86427e-12 | 2.86427e-12 | 53949.5 | 53950.5 |  |  | PKS2155-304 | HESS | 2012A&A...539A.149H
329.717 | -30.2256 | 2.61626e+26 | 0 | 7.14457e-12 | 2.69727e-12 | 2.69727e-12 | 53949.5 | 53950.5 |  |  | PKS2155-304 | HESS | 2012A&A...539A.149H
329.717 | -30.2256 | 3.31506e+26 | 0 | 7.46555e-12 | 2.44475e-12 | 2.44475e-12 | 53949.5 | 53950.5 |  |  | PKS2155-304 | HESS | 2012A&A...539A.149H
329.717 | -30.2256 | 4.20247e+26 | 0 | 4.44663e-12 | 2.28333e-12 | 2.28333e-12 | 53949.5 | 53950.5 |  |  | PKS2155-304 | HESS | 2012A&A...539A.149H

329.717 | -30.2256 | 5.98694e+25 | 0 | 3.26099e-11 | 9.75351e-13 | 9.75351e-13 | 54704 | 54715 |  |  | PKS2155-304 | HESS | 2009ApJ...696L.150A
329.717 | -30.2256 | 1.13525e+26 | 0 | 1.39148e-11 | 5.65069e-13 | 5.65069e-13 | 54704 | 54715 |  |  | PKS2155-304 | HESS | 2009ApJ...696L.150A
329.717 | -30.2256 | 2.15225e+26 | 0 | 5.38213e-12 | 4.58242e-13 | 4.58242e-13 | 54704 | 54715 |  |  | PKS2155-304 | HESS | 2009ApJ...696L.150A
329.717 | -30.2256 | 4.08036e+26 | 0 | 2.48197e-12 | 4.40276e-13 | 4.40276e-13 | 54704 | 54715 |  |  | PKS2155-304 | HESS | 2009ApJ...696L.150A
329.717 | -30.2256 | 7.73636e+26 | 0 | 1.83693e-12 | 5.6584e-13 | 5.6584e-13 | 54704 | 54715 |  |  | PKS2155-304 | HESS | 2009ApJ...696L.150A


342.524 | 38.4103 | 4.02895e+25 | 0 | 4.29697e-12 | 1.10316e-12 | 1.10316e-12 | 55469 | 55499 |  |  | B32247+381 | MAGIC | 2012A&A...539A.118A
342.524 | 38.4103 | 6.92604e+25 | 0 | 1.86664e-12 | 1.07266e-12 | 1.07266e-12 | 55469 | 55499 |  |  | B32247+381 | MAGIC | 2012A&A...539A.118A
342.524 | 38.4103 | 1.19063e+26 | 0 | 1.29749e-12 | 7.69173e-13 | 7.69173e-13 | 55469 | 55499 |  |  | B32247+381 | MAGIC | 2012A&A...539A.118A
342.524 | 38.4103 | 2.04679e+26 | 0 | 4.6265e-13 | 4.3969e-13 | 4.3969e-13 | 55469 | 55499 |  |  | B32247+381 | MAGIC | 2012A&A...539A.118A


107.625 | 59.139 | 9.73966e+25 | 0 | 2.28236e-12 | 9.41018e-13 | 9.41018e-13 | 54801 | 54921 |  |  | RGBJ0710+591 | VERITAS | 2010ApJ...715L..49A
107.625 | 59.139 | 1.6718e+26 | 0 | 1.81517e-12 | 5.91271e-13 | 5.91271e-13 | 54801 | 54921 |  |  | RGBJ0710+591 | VERITAS | 2010ApJ...715L..49A
107.625 | 59.139 | 2.87015e+26 | 0 | 1.63663e-12 | 4.96632e-13 | 4.96632e-13 | 54801 | 54921 |  |  | RGBJ0710+591 | VERITAS | 2010ApJ...715L..49A
107.625 | 59.139 | 4.92544e+26 | 0 | 5.69735e-13 | 3.70295e-13 | 3.70295e-13 | 54801 | 54921 |  |  | RGBJ0710+591 | VERITAS | 2010ApJ...715L..49A
107.625 | 59.139 | 8.45571e+26 | 0 | 6.07384e-13 | 3.84023e-13 | 3.84023e-13 | 54801 | 54921 |  |  | RGBJ0710+591 | VERITAS | 2010ApJ...715L..49A


217.136 | 42.6725 | 1.88603e+26 | 0 | 1.82573e-11 | 7.67139e-12 | 7.67139e-12 | 51179 | 51909 |  |  | H1426+428 | HEGRA | 2003A&A...403..523A
217.136 | 42.6725 | 3.57862e+26 | 0 | 2.84613e-12 | 1.2318e-12 | 1.2318e-12 | 51179 | 51909 |  |  | H1426+428 | HEGRA | 2003A&A...403..523A
217.136 | 42.6725 | 6.81873e+26 | 0 | 2.4463e-12 | 9.55586e-13 | 9.55586e-13 | 51179 | 51909 |  |  | H1426+428 | HEGRA | 2003A&A...403..523A
217.136 | 42.6725 | 1.29846e+27 | 0 | 2.17148e-12 | 9.24036e-13 | 9.24036e-13 | 51179 | 51909 |  |  | H1426+428 | HEGRA | 2003A&A...403..523A
217.136 | 42.6725 | 2.46635e+27 | 0 | 6.00086e-13 | 5.66748e-13 | 5.66748e-13 | 51179 | 51909 |  |  | H1426+428 | HEGRA | 2003A&A...403..523A
 
217.136 | 42.6725 | 1.88603e+26 | 0 | 1.19896e-12 | 3.68461e-13 | 3.68461e-13 | 52275 | 52639 |  |  | H1426+428 | HEGRA | 2003A&A...403..523A
217.136 | 42.6725 | 3.57862e+26 | 0 | 7.089e-13 | 4.91317e-13 | 4.91317e-13 | 52275 | 52639 |  |  | H1426+428 | HEGRA | 2003A&A...403..523A
217.136 | 42.6725 | 6.81873e+26 | 0 | 8.40916e-13 | 3.05788e-13 | 3.05788e-13 | 52275 | 52639 |  |  | H1426+428 | HEGRA | 2003A&A...403..523A
217.136 | 42.6725 | 1.29846e+27 | 0 | 8.31632e-13 | 2.31009e-13 | 2.31009e-13 | 52275 | 52639 |  |  | H1426+428 | HEGRA | 2003A&A...403..523A


122.455 | 52.3162 | 7.49006e+25 | 0 | 2.46203e-12 | 1.42889e-12 | 1.42889e-12 | 54040 | 54586 |  |  | 1ES0806+524 | VERITAS | 2009ApJ...690L.126A
122.455 | 52.3162 | 9.51561e+25 | 0 | 1.86172e-12 | 7.36073e-13 | 7.36073e-13 | 54040 | 54586 |  |  | 1ES0806+524 | VERITAS | 2009ApJ...690L.126A
122.455 | 52.3162 | 1.19056e+26 | 0 | 1.33464e-12 | 5.44358e-13 | 5.44358e-13 | 54040 | 54586 |  |  | 1ES0806+524 | VERITAS | 2009ApJ...690L.126A
122.455 | 52.3162 | 1.5234e+26 | 0 | 7.61629e-13 | 4.8621e-13 | 4.8621e-13 | 54040 | 54586 |  |  | 1ES0806+524 | VERITAS | 2009ApJ...690L.126A


38.2026 | 20.2882 | 1.44696e+26 | 0 | 1.84939e-12 | 7.61752e-13 | 7.61752e-13 | 53614 | 54088 |  |  | 1ES0229+200 | HESS | 2007A&A...475L...9A
38.2026 | 20.2882 | 2.12369e+26 | 0 | 1.14635e-12 | 3.45028e-13 | 3.45028e-13 | 53614 | 54088 |  |  | 1ES0229+200 | HESS | 2007A&A...475L...9A
38.2026 | 20.2882 | 3.11672e+26 | 0 | 6.18818e-13 | 2.76201e-13 | 2.76201e-13 | 53614 | 54088 |  |  | 1ES0229+200 | HESS | 2007A&A...475L...9A
38.2026 | 20.2882 | 4.57537e+26 | 0 | 9.35006e-13 | 2.74989e-13 | 2.74989e-13 | 53614 | 54088 |  |  | 1ES0229+200 | HESS | 2007A&A...475L...9A
38.2026 | 20.2882 | 6.71572e+26 | 0 | 9.15785e-13 | 2.88017e-13 | 2.88017e-13 | 53614 | 54088 |  |  | 1ES0229+200 | HESS | 2007A&A...475L...9A
38.2026 | 20.2882 | 9.85667e+26 | 0 | 6.48916e-13 | 2.97249e-13 | 2.97249e-13 | 53614 | 54088 |  |  | 1ES0229+200 | HESS | 2007A&A...475L...9A
38.2026 | 20.2882 | 1.56847e+27 | 0 | 2.55466e-13 | 2.14842e-13 | 2.14842e-13 | 53614 | 54088 |  |  | 1ES0229+200 | HESS | 2007A&A...475L...9A
38.2026 | 20.2882 | 2.78913e+27 | 0 | 3.04373e-13 | 2.1972e-13 | 2.1972e-13 | 53614 | 54088 |  |  | 1ES0229+200 | HESS | 2007A&A...475L...9A

38.2026 | 20.2882 | 7.03635e+25 | 0 | 1.62809e-12 | 3.79887e-13 | 3.79887e-13 | 55118 | 55951 |  |  | 1ES0229+200 | VERITAS | 2014ApJ...782...13A
38.2026 | 20.2882 | 1.03248e+26 | 0 | 1.78195e-12 | 2.92123e-13 | 2.92123e-13 | 55118 | 55951 |  |  | 1ES0229+200 | VERITAS | 2014ApJ...782...13A
38.2026 | 20.2882 | 1.5185e+26 | 0 | 1.39012e-12 | 2.78024e-13 | 2.78024e-13 | 55118 | 55951 |  |  | 1ES0229+200 | VERITAS | 2014ApJ...782...13A
38.2026 | 20.2882 | 2.22939e+26 | 0 | 5.85653e-13 | 2.31537e-13 | 2.31537e-13 | 55118 | 55951 |  |  | 1ES0229+200 | VERITAS | 2014ApJ...782...13A
38.2026 | 20.2882 | 3.28847e+26 | 0 | 6.51945e-13 | 2.40034e-13 | 2.40034e-13 | 55118 | 55951 |  |  | 1ES0229+200 | VERITAS | 2014ApJ...782...13A
38.2026 | 20.2882 | 4.8118e+26 | 0 | 6.34478e-13 | 2.66481e-13 | 2.66481e-13 | 55118 | 55951 |  |  | 1ES0229+200 | VERITAS | 2014ApJ...782...13A
38.2026 | 20.2882 | 7.06053e+26 | 0 | 4.78128e-13 | 2.86877e-13 | 2.86877e-13 | 55118 | 55951 |  |  | 1ES0229+200 | VERITAS | 2014ApJ...782...13A
38.2026 | 20.2882 | 1.03732e+27 | 0 | 7.07679e-13 | 3.53839e-13 | 3.53839e-13 | 55118 | 55951 |  |  | 1ES0229+200 | VERITAS | 2014ApJ...782...13A
38.2026 | 20.2882 | 1.84734e+27 | 0 | 2.61852e-13 | 2.33796e-13 | 2.33796e-13 | 55118 | 55951 |  |  | 1ES0229+200 | VERITAS | 2014ApJ...782...13A


152.567 | -31.3191 | 6.71742e+25 | 0 | 1.37997e-12 | 3.74163e-13 | 3.86936e-13 | 54090.1 | 55299.8 |  |  | 1RXSJ101015.9-311909 | HESS | 2012A&A...542A..94H
152.567 | -31.3191 | 1.3613e+26 | 0 | 4.6126e-13 | 1.88001e-13 | 1.95359e-13 | 54090.1 | 55299.8 |  |  | 1RXSJ101015.9-311909 | HESS | 2012A&A...542A..94H
152.567 | -31.3191 | 2.759e+26 | 0 | 1.95375e-13 | 1.50666e-13 | 1.59375e-13 | 54090.1 | 55299.8 |  |  | 1RXSJ101015.9-311909 | HESS | 2012A&A...542A..94H
152.567 | -31.3191 | 5.59129e+26 | 0 | 3.78435e-13 | 1.53614e-13 | 1.66815e-13 | 54090.1 | 55299.8 |  |  | 1RXSJ101015.9-311909 | HESS | 2012A&A...542A..94H


359.783 | -30.628 | 5.53113e+25 | 0 | 1.82695e-12 | 7.61077e-13 | 7.61077e-13 | 53172 | 53353 |  |  | H2356-309 | HESS | 2010A&A...516A..56H
359.783 | -30.628 | 7.38007e+25 | 0 | 2.84789e-12 | 5.3931e-13 | 5.3931e-13 | 53172 | 53353 |  |  | H2356-309 | HESS | 2010A&A...516A..56H
359.783 | -30.628 | 9.83416e+25 | 0 | 1.89925e-12 | 4.03384e-13 | 4.03384e-13 | 53172 | 53353 |  |  | H2356-309 | HESS | 2010A&A...516A..56H
