input/data/2011/2011ApJ...738...25A/tev-000049-sed.ecsv
# %ECSV 0.9
# ---
# datatype:
# - {name: e_ref, unit: TeV, datatype: float64}
# - {name: e_ref_err, unit: TeV, datatype: float64}
# - {name: dnde, unit: 1 / (cm2 s TeV), datatype: float64}
# - {name: dnde_errn, unit: 1 / (cm2 s TeV), datatype: float64}
# - {name: dnde_errp, unit: 1 / (cm2 s TeV), datatype: float64}
# meta: !!omap
# - {data_type: sed}
# - {source_id: '49'}
# - {reference_id: 2011ApJ...738...25A}
e_ref e_ref_err dnde dnde_errn dnde_errp
0.274999987355 0.0 1.70199886875e-09 2.49184145087e-11 2.49184145087e-11
0.3399998734 0.0 1.28900222941e-09 1.27853577949e-11 1.27853577949e-11
0.420001880993 0.0 8.82093557061e-10 1.07109914179e-11 1.07109914179e-11
0.519001487363 0.0 5.77695603607e-10 9.95826611353e-12 9.95826611353e-12
0.642000353315 0.0 3.50899394404e-10 9.69000585935e-12 9.69000585935e-12
0.793001890196 0.0 2.15098893226e-10 9.58995409493e-12 9.58995409493e-12
0.980000218484 0.0 1.30200144389e-10 9.83449608154e-12 9.83449608154e-12
1.21199873196 0.0 6.27303291071e-11 8.98552643031e-12 8.98552643031e-12
1.4980008244 0.0 3.3099930624e-11 8.6461757958e-12 8.6461757958e-12
1.8510007513 0.0 1.66099892575e-11 8.22630908124e-12 8.22630908124e-12
2.28800026098 0.0 1.12399967018e-11 9.06691573153e-12 9.06691573153e-12
2.82799851617 0.0 6.15800716533e-12 9.1012436633e-12 9.1012436633e-12
3.49599973938 0.0 3.34700164694e-12 9.07727690936e-12 9.07727690936e-12
4.32098696108 0.0 1.16000723495e-12 7.52632406144e-12 7.52632406144e-12
5.34200062268 0.0 5.22999528178e-13 6.76610843597e-12 6.76610843597e-12
0.70099983322 0.0 3.87099976121e-10 2.06290005741e-11 2.06290005741e-11
0.927001602457 0.0 2.1049947648e-10 2.07871591707e-11 2.07871591707e-11
1.22500130301 0.0 8.36598618199e-11 1.32235112656e-11 1.32235112656e-11
1.61899811819 0.0 5.27501395823e-11 1.46732890174e-11 1.46732890174e-11
2.14000117772 0.0 2.46199713472e-11 1.43387440768e-11 1.43387440768e-11
2.82799851617 0.0 1.62200445437e-11 1.68588787596e-11 1.68588787596e-11
3.73799829401 0.0 7.15400469014e-12 1.61384209532e-11 1.61384209532e-11
4.94001361595 0.0 2.21198744792e-12 1.45299215855e-11 1.45299215855e-11
6.52901984995 0.0 4.59097165635e-13 9.68076801315e-12 9.68076801315e-12
0.927001602457 0.0 2.4929881661e-10 2.21534877289e-11 2.21534877289e-11
1.22500130301 0.0 1.12199896236e-10 1.45515794193e-11 1.45515794193e-11
1.61899811819 0.0 5.81202354287e-11 1.50926560524e-11 1.50926560524e-11
2.14000117772 0.0 2.82899684635e-11 1.51080730346e-11 1.51080730346e-11
2.82799851617 0.0 1.33199848039e-11 1.52033802794e-11 1.52033802794e-11
3.73799829401 0.0 6.83899522738e-12 1.61803020044e-11 1.61803020044e-11
4.94001361595 0.0 2.74497431991e-12 1.52083110285e-11 1.52083110285e-11
6.52901984995 0.0 1.1399937016e-12 1.47406975768e-11 1.47406975768e-11
8.62898760079 0.0 5.17601623977e-13 1.61577693254e-11 1.61577693254e-11
0.274999987355 0.0 1.27400251005e-09 2.68166435694e-12 2.68166435694e-12
0.3399998734 0.0 7.87899385702e-10 2.21258380713e-12 2.21258380713e-12
0.420001880993 0.0 4.99295029626e-10 2.20147392201e-12 2.20147392201e-12
0.519001487363 0.0 2.92798552624e-10 2.10424997578e-12 2.10424997578e-12
0.642000353315 0.0 1.72199947289e-10 2.06617674809e-12 2.06617674809e-12
0.793001890196 0.0 9.69895837175e-11 1.97269769175e-12 1.97269769175e-12
0.980000218484 0.0 5.66600005608e-11 1.97458258809e-12 1.97458258809e-12
1.21199873196 0.0 3.11300679656e-11 1.94487926375e-12 1.94487926375e-12
1.4980008244 0.0 1.74999851397e-11 1.98280266877e-12 1.98280266877e-12
1.8510007513 0.0 9.67799066525e-12 1.9848000336e-12 1.9848000336e-12
2.28800026098 0.0 5.71899910603e-12 2.00288783824e-12 2.00288783824e-12
2.82799851617 0.0 2.63199948914e-12 1.86663569711e-12 1.86663569711e-12
3.49599973938 0.0 1.53499987071e-12 1.97752233342e-12 1.97752233342e-12
4.32098696108 0.0 5.78602924238e-13 1.71399956119e-12 1.71399956119e-12
5.34200062268 0.0 1.7739995099e-13 1.33495904884e-12 1.33495904884e-12
7.34101708838 0.0 1.05099537921e-13 1.16349222066e-12 1.16349222066e-12
11.2150208246 0.0 1.55099485104e-14 8.73517966135e-13 8.73517966135e-13
0.274999987355 0.0 1.75799710245e-09 4.32650823969e-12 4.32650823969e-12
0.3399998734 0.0 1.09600120845e-09 3.63908693975e-12 3.63908693975e-12
0.420001880993 0.0 7.05192252244e-10 3.69028622982e-12 3.69028622982e-12
0.519001487363 0.0 4.24497867797e-10 3.58250161289e-12 3.58250161289e-12
0.642000353315 0.0 2.43199089476e-10 3.47824967091e-12 3.47824967091e-12
0.793001890196 0.0 1.40299271525e-10 3.45049363518e-12 3.45049363518e-12
0.980000218484 0.0 8.38801587308e-11 3.49777940027e-12 3.49777940027e-12
1.21199873196 0.0 4.9510034139e-11 3.58275740768e-12 3.58275740768e-12
1.4980008244 0.0 2.65099844566e-11 3.53206402287e-12 3.53206402287e-12
1.8510007513 0.0 1.74699942773e-11 3.86818162775e-12 3.86818162775e-12
2.28800026098 0.0 1.01899935314e-11 3.9785564038e-12 3.9785564038e-12
2.82799851617 0.0 5.42900441267e-12 3.95720417038e-12 3.95720417038e-12
3.49599973938 0.0 2.39199867844e-12 3.57738355159e-12 3.57738355159e-12
4.32098696108 0.0 1.25100775882e-12 3.62591743286e-12 3.62591743286e-12
5.34200062268 0.0 6.62599736165e-13 3.66129425861e-12 3.66129425861e-12
6.60300672751 0.0 2.96399318213e-13 3.26125096373e-12 3.26125096373e-12
8.16099543992 0.0 1.31699692317e-13 3.14960289805e-12 3.14960289805e-12
10.0880097784 0.0 8.87898259534e-14 3.53744410465e-12 3.53744410465e-12
0.642000353315 0.0 6.65898673156e-10 2.92306740311e-11 2.92306740311e-11
0.793001890196 0.0 4.28997819406e-10 2.79838073251e-11 2.79838073251e-11
0.980000218484 0.0 2.44999925972e-10 1.94288817874e-11 1.94288817874e-11
1.21199873196 0.0 1.70800314336e-10 2.05211455798e-11 2.05211455798e-11
1.4980008244 0.0 9.93398430898e-11 2.04586071366e-11 2.04586071366e-11
1.8510007513 0.0 4.90699926449e-11 1.89571496336e-11 1.89571496336e-11
2.28800026098 0.0 3.52200088171e-11 2.11386823891e-11 2.11386823891e-11
2.82799851617 0.0 1.81999841218e-11 2.02098825668e-11 2.02098825668e-11
3.49599973938 0.0 9.93799110327e-12 1.99585377922e-11 1.99585377922e-11
4.32098696108 0.0 6.13105036142e-12 2.17331224175e-11 2.17331224175e-11
5.34200062268 0.0 2.44800754485e-12 1.81637905822e-11 1.81637905822e-11
7.34101708838 0.0 4.45397760319e-13 9.09132044946e-12 9.09132044946e-12
0.274999987355 0.0 7.42300191133e-10 3.58537896595e-12 3.58537896595e-12
0.3399998734 0.0 4.31400389861e-10 2.87150631905e-12 2.87150631905e-12
0.420001880993 0.0 2.6489768148e-10 2.48018224305e-12 2.48018224305e-12
0.519001487363 0.0 1.78199011445e-10 2.40781830241e-12 2.40781830241e-12
0.642000353315 0.0 8.6579867406e-11 2.18982727384e-12 2.18982727384e-12
0.793001890196 0.0 5.26097457725e-11 2.18713723295e-12 2.18713723295e-12
0.980000218484 0.0 2.67499648144e-11 2.0081994374e-12 2.0081994374e-12
1.21199873196 0.0 1.16800377321e-11 1.75832676853e-12 1.75832676853e-12
1.4980008244 0.0 7.32398962927e-12 1.87262129524e-12 1.87262129524e-12
1.8510007513 0.0 3.25000070015e-12 1.71036077877e-12 1.71036077877e-12
2.28800026098 0.0 1.81799718908e-12 1.70973035964e-12 1.70973035964e-12
2.82799851617 0.0 9.85497506142e-13 1.65629685771e-12 1.65629685771e-12
3.49599973938 0.0 2.95299849648e-13 1.35786526946e-12 1.35786526946e-12
4.32098696108 0.0 1.94401146508e-13 1.40593114099e-12 1.40593114099e-12
