input/data/2017/2017ApJ...834....2A/tev-000049-lc-2.ecsv
# %ECSV 0.9
# ---
# datatype:
# - {name: e_min, unit: TeV, datatype: float64}
# - {name: e_max, unit: TeV, datatype: float64}
# - {name: time, unit: MJD, datatype: float64}
# - {name: flux, unit: ph / (m2 s), datatype: float64}
# - {name: flux_err, unit: ph / (m2 s), datatype: float64}
# - {name: index, datatype: float64}
# - {name: index_err, datatype: float64}
# meta: !!omap
# - data_type: lc
# - source_id: 49
# - reference_id: 2017ApJ...834....2A
# - telescope: veritas
# - {SED_TYPE: flux}
# - comments: [10min]
e_min e_max time flux flux_err index index_error
0.560  56776.14200646 6.729860768905e-07 1.245413603883e-07 -2.43033e+00 1.72793e-01
0.560  56776.1489509 5.315961915063e-07 1.108072697819e-07 -2.68795e+00 2.24772e-01
0.560  56776.15589535 5.069332803087e-07 1.083817021002e-07 -2.35540e+00 2.19267e-01
0.560  56776.16283979 6.602039544721e-07 1.284871293093e-07 -2.65669e+00 2.18511e-01
0.560  56776.16978423 4.688837801528e-07 1.060380850785e-07 -2.99154e+00 2.52447e-01
0.560  56776.17672868 5.909984155996e-07 1.205822150695e-07 -2.67978e+00 2.26292e-01
0.560  56776.18367312 6.422307813085e-07 1.258002241423e-07 -2.59799e+00 1.73393e-01
0.560  56776.19061757 5.889999938958e-07 1.193343758725e-07 -2.69593e+00 1.64072e-01
0.560  56776.19756201 7.005743405107e-07 1.276311443474e-07 -2.74762e+00 1.67637e-01
0.560  56776.20450646 6.414572892196e-07 1.262736976945e-07 -2.56251e+00 2.49881e-01
0.560  56776.2114509 8.460588093642e-07 1.431029454986e-07 -2.77012e+00 1.64537e-01
0.560  56776.21839535 8.216450152118e-07 1.391458898901e-07 -2.67200e+00 1.57965e-01
0.560  56776.22533979 7.384897455395e-07 1.39467260036e-07 -2.49346e+00 2.05849e-01
0.560  56776.23228423 6.260718547008e-07 1.268802188255e-07 -2.71587e+00 2.52160e-01
0.560  56776.23922868 7.69264678452e-07 1.330056174949e-07 -2.75552e+00 2.11226e-01
0.560  56776.24617312 1.02988512226e-06 1.60587733468e-07 -2.58958e+00 2.06756e-01
0.560  56776.25311757 7.423035994688e-07 1.285391222051e-07 -2.45124e+00 2.15491e-01
0.560  56776.26006201 8.769294204145e-07 1.401756321946e-07 -2.60291e+00 2.13474e-01
0.560  56776.26700646 6.270335523507e-07 1.156491451852e-07 -2.56162e+00 2.01031e-01
0.560  56776.2739509 9.689009729564e-07 1.485337435181e-07 -2.85054e+00 3.61253e-01
0.560  56776.28089535 5.092750423973e-07 1.089314757186e-07 -2.59907e+00 4.15576e-01
0.560  56776.28783979 6.062088887052e-07 1.193976351238e-07 -2.72294e+00 2.84924e-01
0.560  56776.29478423 6.362829067626e-07 1.306051542577e-07 -2.82423e+00 3.37620e-01
0.560  56776.30172868 9.103218507911e-07 1.502055171107e-07 -2.55941e+00 6.97328e-01
0.560  56776.30867312 8.036862775877e-07 1.604656674988e-07 -3.46092e+00 4.57507e-01
0.560  56776.31561757 9.179337748841e-07 1.616962450692e-07 -3.68536e+00 6.71698e-01
0.560  56776.32256201 8.335765029686e-07 1.616152481412e-07 -4.17001e+00 9.65647e-01
0.560  56780.15070072 2.792592219089e-06 3.317025298029e-07 -2.33432e+00 1.60595e-01
0.560  56780.15764517 2.890047801893e-06 3.468261023163e-07 -2.39124e+00 1.66283e-01
0.560  56780.16458961 3.561722569267e-06 3.97493879076e-07 -2.52957e+00 2.13371e-01
0.560  56780.17153405 3.259341689125e-06 3.903074197748e-07 -2.77247e+00 1.77482e-01
0.560  56780.1784785 2.449900237409e-06 3.173810470608e-07 -2.70945e+00 1.85981e-01
0.560  56780.18542294 3.377120350123e-06 3.937085893813e-07 -2.99776e+00 1.99246e-01
0.560  56780.19236739 2.919238808985e-06 3.858000344237e-07 -2.68562e+00 3.54697e-01
0.560  56780.19931183 2.414784302926e-06 3.165192954829e-07 -2.23607e+00 2.28086e-01
0.560  56780.20625628 3.017713728207e-06 3.845895901833e-07 -3.06177e+00 2.24187e-01
0.560  56780.21320072 2.444490648379e-06 3.466606008276e-07 -2.75121e+00 2.13181e-01
0.560  56780.22014517 2.719246538491e-06 3.769363230825e-07 -2.62766e+00 2.45502e-01
0.560  56780.22708961 3.72398978363e-06 4.438533658003e-07 -2.75201e+00 2.46250e-01
0.560  56780.23403405 3.487557149377e-06 4.516695730001e-07 -2.95205e+00 2.24470e-01
0.560  56780.2409785 3.976236610779e-06 4.920932062783e-07 -2.89890e+00 2.57761e-01
0.560  56780.24792294 2.511039296648e-06 3.625557302104e-07 -2.85069e+00 2.86657e-01
