input/data/1999/1999A%26A...342...69A/tev-000091-lc.ecsv
# %ECSV 0.9
# ---
# datatype:
# - {name: time, unit: MJD, datatype: float64}
# - {name: time_min, unit: MJD, datatype: float64}
# - {name: time_max, unit: MJD, datatype: float64}
# - {name: flux, unit: Crab, datatype: float32}
# - {name: flux_err, unit: Crab, datatype: float32}
# - {name: flux_ul, unit: Crab, datatype: float32}
# meta: !!omap
# - {data_type: lc}
# - {source_id: 91}
# - {reference_id: 1999A&A...342...69A}
# - {telescope: hegra}
# - {timesys: UTC}
time time_min time_max flux flux_err flux_ul
50523.177 50523.1266 50523.2274 2.03 0.21 nan
50526.2072 50526.1791 50526.2354 2.1 0.24 nan
50527.2371 50527.2305 50527.2438 nan nan 1.73
50539.0849 50539.0783 50539.0916 0.77 0.57 nan
50540.101 50540.0758 50540.1262 1.39 0.3 nan
50545.2154 50545.2038 50545.2271 1.1 0.31 nan
50546.1289 50546.0839 50546.1739 1.27 0.18 nan
50547.1124 50547.0566 50547.1683 0.63 0.15 nan
50548.1085 50548.0537 50548.1633 1.87 0.19 nan
50549.1112 50549.0512 50549.1712 1.97 0.22 nan
50550.0925 50550.0561 50550.129 1.38 0.22 nan
50551.0942 50551.0671 50551.1213 6.4 0.41 nan
50552.1224 50552.0751 50552.1697 4.23 0.24 nan
50566.008 50566.0047 50566.0114 nan nan 3.07
50567.0236 50567.0018 50567.0455 0.92 0.29 nan
50568.0691 50568.0608 50568.0775 0.87 0.41 nan
50569.0723 50569.0386 50569.1061 1.45 0.21 nan
50570.0596 50569.9936 50570.1257 0.68 0.16 nan
50571.0759 50570.9909 50571.1609 1.59 0.14 nan
50572.085 50571.9882 50572.1819 3.28 0.16 nan
50573.0621 50572.9855 50573.1388 1.57 0.15 nan
50574.0837 50573.9829 50574.1846 1.81 0.13 nan
50575.0944 50575.0 50575.1888 3.09 0.15 nan
50576.0554 50576.0015 50576.1094 6.26 0.27 nan
50577.0745 50576.9745 50577.1745 5.29 0.19 nan
50578.0553 50577.972 50578.1387 4.24 0.19 nan
50579.0542 50578.9799 50579.1286 5.47 0.23 nan
50580.0594 50580.0128 50580.1061 4.5 0.25 nan
50582.0828 50582.0693 50582.0964 2.94 0.38 nan
50583.1143 50583.0979 50583.1308 4.52 0.35 nan
50601.0664 50601.0393 50601.0935 2.45 0.24 nan
50602.0347 50601.9731 50602.0964 3.26 0.17 nan
50604.0049 50603.963 50604.0468 4.98 0.24 nan
50605.0166 50604.9625 50605.0708 4.25 0.21 nan
50606.0798 50606.0659 50606.0938 5.5 0.44 nan
50607.0071 50606.9592 50607.055 7.21 0.26 nan
50610.043 50610.0151 50610.0709 3.46 0.26 nan
50623.9323 50623.9119 50623.9527 3.65 0.31 nan
50625.9452 50625.9323 50625.9581 10.18 0.58 nan
50626.9982 50626.9801 50627.0163 9.14 0.49 nan
50628.0477 50628.0342 50628.0613 7.03 0.49 nan
50628.9287 50628.9089 50628.9485 2.23 0.25 nan
50631.9306 50631.911 50631.9502 0.68 0.18 nan
50632.931 50632.9106 50632.9514 0.87 0.18 nan
50633.9302 50633.9104 50633.95 0.99 0.2 nan
50634.953 50634.9107 50634.9953 1.65 0.16 nan
50635.9523 50635.9088 50635.9959 0.64 0.12 nan
50636.939 50636.9242 50636.9538 0.93 0.23 nan
50637.9607 50637.9472 50637.9743 1.14 0.23 nan
50638.9944 50638.9759 50639.013 6.06 0.38 nan
50640.0128 50639.9962 50640.0295 5.09 0.38 nan
50641.0462 50641.0329 50641.0596 4.11 0.43 nan
50642.0674 50642.0453 50642.0895 3.02 0.39 nan
