input/papers/none/source_id_138/lightcurve_reference_N.Tonello.PrivateCommunication.ecsv
# %ECSV 0.9
# ---
# datatype:
# - {name: time, unit: MJD, datatype: float64}
# - {name: time_min, unit: MJD, datatype: float64}
# - {name: time_max, unit: MJD, datatype: float64}
# - {name: flux, unit: Crab, datatype: float32}
# - {name: flux_err, unit: Crab, datatype: float32}
# meta: !!omap
# - COMMENT: [Mrk 421]
# - {source_id: 138}
# - {telescope: HEGRA_CT1}
# - {paper_id: 'N.Tonello.PrivateCommunication                                                  '}
time time_min time_max flux flux_err
51723.13 51723.1094 51723.1641 0.09 0.13
51724.15 51724.1172 51724.1992 0.43 0.12
51725.19 51725.1289 51725.2539 0.53 0.12
51726.19 51726.1289 51726.2539 0.25 -1.0
51727.19 51727.1562 51727.2266 0.16 0.15
51728.19 51728.1562 51728.2266 0.29 -1.0
51729.19 51729.1602 51729.2383 0.17 0.17
51730.19 51730.1562 51730.2383 0.12 0.12
51731.19 51731.1523 51731.2344 0.17 0.15
51732.2 51732.1523 51732.25 0.05 0.1
51733.2 51733.1484 51733.2539 0.23 -1.0
51734.2 51734.1406 51734.2617 0.04 0.05
51735.2 51735.1562 51735.2539 0.06 0.1
51736.2 51736.1641 51736.2461 0.11 -1.0
51785.05 51784.9648 51785.1445 0.05 0.07
51786.0 51785.9453 51786.0703 0.17 -1.0
51786.99 51786.9336 51787.0586 0.2 -1.0
51788.03 51787.9609 51788.1133 0.09 -1.0
51807.91 51807.8984 51807.9258 0.01 0.07
51808.88 51808.8672 51808.9102 0.34 -1.0
51809.91 51809.875 51809.9453 0.07 0.1
51810.89 51810.8789 51810.9062 0.65 -1.0
51811.89 51811.8711 51811.9258 0.1 -1.0
51812.9 51812.8672 51812.9336 0.36 0.23
51813.9 51813.8828 51813.9258 0.99 -1.0
52088.17 52088.125 52088.2227 0.16 0.14
52092.21 52092.1836 52092.2383 0.17 0.17
52100.99 52100.9492 52101.0312 0.72 0.46
52102.0 52101.957 52102.0547 0.08 0.2
52103.03 52103.0234 52103.0391 0.03 0.14
52104.05 52104.0352 52104.0781 1.16 -1.0
52105.07 52105.043 52105.0977 0.43 -1.0
52106.09 52106.0508 52106.1328 0.2 0.13
52107.12 52107.0664 52107.1758 0.12 -1.0
52108.07 52108.0391 52108.1094 0.82 -1.0
52109.13 52109.0625 52109.2031 0.19 -1.0
52110.15 52110.082 52110.2227 0.04 0.07
52111.15 52111.0742 52111.2266 0.1 -1.0
52112.13 52112.0742 52112.1914 0.0 0.02
52113.15 52113.0742 52113.2266 0.08 -1.0
52114.15 52114.0781 52114.2383 0.12 -1.0
52115.15 52115.0625 52115.2422 0.1 0.06
52116.15 52116.0781 52116.2305 0.02 0.04
52117.15 52117.0898 52117.2148 0.08 0.1
52118.15 52118.1016 52118.1992 0.29 -1.0
52120.14 52120.125 52120.168 1.82 -1.0
52131.99 52131.9844 52132.0117 0.74 -1.0
52133.01 52132.9922 52133.0469 0.32 0.16
52134.07 52134.0195 52134.1289 0.2 0.12
52135.08 52135.0195 52135.1445 0.02 0.05
52136.07 52136.0117 52136.1367 0.18 -1.0
52137.06 52137.0117 52137.1211 0.04 0.06
52138.07 52138.0117 52138.1367 0.03 0.06
52139.07 52139.0156 52139.1406 0.2 0.1
52140.07 52140.0156 52140.125 0.16 0.09
52141.05 52141.0039 52141.1133 0.03 0.05
52142.07 52142.0156 52142.125 0.03 0.06
52143.06 52143.0156 52143.1055 0.33 -1.0
52145.05 52145.0117 52145.0938 0.13 0.13
52146.05 52146.0391 52146.0664 0.25 0.41
52147.04 52147.0312 52147.0586 0.17 0.38
