input/papers/no_paper/lightcurves/tev-000091/reference_empty.ecsv
# %ECSV 0.9
# ---
# datatype:
# - {name: time, unit: MJD, datatype: float64}
# - {name: flux, unit: Crab, datatype: float32}
# - {name: flux_err, unit: Crab, datatype: float32}
# meta: !!omap
# - COMMENT: [Mrk 421]
# - {data_type: lc}
# - {source_id: 91}
# - {telescope: HEGRA_CT1}
# - {reference_id: reference_empty}
time flux flux_err
50184.0975 4.42 nan
50188.1571 0.08 0.3
50189.1551 0.08 0.21
50190.1671 0.94 nan
50191.1433 0.33 0.24
50192.1397 0.32 0.24
50193.1414 0.11 0.18
50194.1364 0.02 0.17
50197.1372 0.46 nan
50198.1399 0.18 0.21
50202.1954 5.07 nan
50214.0807 0.33 1.06
50215.0818 0.09 0.32
50220.0592 0.47 0.38
50222.1071 0.46 nan
50223.0986 0.32 0.2
50224.1264 0.79 nan
50225.1021 0.39 0.2
50226.1042 0.46 0.2
50232.1728 1.96 nan
50240.981 0.52 0.56
50242.0075 1.0 0.42
50243.0153 0.62 0.29
50244.0295 0.14 0.18
50245.0333 0.38 0.23
50246.0482 0.05 0.18
50247.037 0.24 0.17
50248.0395 0.26 0.15
50249.0339 0.27 0.15
50249.9762 0.53 0.36
50251.0266 0.61 0.2
50252.0143 0.24 0.17
50253.0299 0.11 0.18
50254.0339 1.09 0.27
50255.0463 0.24 0.21
50256.0563 0.23 0.23
50257.0675 0.18 0.32
50258.0794 0.65 0.47
50259.0892 0.39 0.79
50260.1025 3.47 nan
50268.9363 2.34 nan
50269.9496 0.93 nan
50270.9588 0.11 0.26
50271.9747 0.15 0.2
50272.9871 0.5 0.23
50273.9926 0.0 0.18
50274.9883 0.33 0.21
50275.987 0.12 0.18
50276.9888 0.09 0.21
50279.9821 0.21 0.23
50280.9743 0.7 nan
50281.9437 0.15 0.32
50282.9711 0.03 0.29
50283.9878 0.58 nan
50286.0116 2.23 nan
50287.0196 0.67 3.05
50300.944 1.08 nan
50301.9451 0.52 0.32
50302.944 0.47 0.42
50303.9317 0.23 0.38
50304.938 0.93 nan
50305.942 0.18 0.32
50306.9449 0.15 0.5
50309.931 0.3 0.33
50310.9239 1.5 nan
50311.9277 0.12 0.5
50330.9023 3.85 nan
50331.8931 4.96 nan
50332.8887 0.23 0.82
50334.8811 0.35 1.97
50337.8967 8.47 nan
50338.8768 0.18 1.11
50339.8758 0.17 1.12
50341.8731 0.44 1.47
