input/data/no_paper/lightcurves/tev-000091/reference_empty.ecsv
# %ECSV 0.9
# ---
# datatype:
# - {name: time, unit: MJD, datatype: float64}
# - {name: flux, unit: Crab, datatype: float32}
# - {name: flux_err, unit: Crab, datatype: float32}
# - {name: flux_ul, datatype: float32}
# meta: !!omap
# - {data_type: lc}
# - {source_id: 91}
# - {telescope: HEGRA_CT1}
# - {reference_id: reference_empty}
# - {timesys: UTC}
time flux flux_err flux_ul
50184.0975 nan nan 4.42
50188.1571 0.08 0.3 nan
50189.1551 0.08 0.21 nan
50190.1671 nan nan 0.94
50191.1433 0.33 0.24 nan
50192.1397 0.32 0.24 nan
50193.1414 0.11 0.18 nan
50194.1364 0.02 0.17 nan
50197.1372 nan nan 0.46
50198.1399 0.18 0.21 nan
50202.1954 nan nan 5.07
50214.0807 0.33 1.06 nan
50215.0818 0.09 0.32 nan
50220.0592 0.47 0.38 nan
50222.1071 nan nan 0.46
50223.0986 0.32 0.2 nan
50224.1264 nan nan 0.79
50225.1021 0.39 0.2 nan
50226.1042 0.46 0.2 nan
50232.1728 nan nan 1.96
50240.981 0.52 0.56 nan
50242.0075 1.0 0.42 nan
50243.0153 0.62 0.29 nan
50244.0295 0.14 0.18 nan
50245.0333 0.38 0.23 nan
50246.0482 0.05 0.18 nan
50247.037 0.24 0.17 nan
50248.0395 0.26 0.15 nan
50249.0339 0.27 0.15 nan
50249.9762 0.53 0.36 nan
50251.0266 0.61 0.2 nan
50252.0143 0.24 0.17 nan
50253.0299 0.11 0.18 nan
50254.0339 1.09 0.27 nan
50255.0463 0.24 0.21 nan
50256.0563 0.23 0.23 nan
50257.0675 0.18 0.32 nan
50258.0794 0.65 0.47 nan
50259.0892 0.39 0.79 nan
50260.1025 nan nan 3.47
50268.9363 nan nan 2.34
50269.9496 nan nan 0.93
50270.9588 0.11 0.26 nan
50271.9747 0.15 0.2 nan
50272.9871 0.5 0.23 nan
50273.9926 0.0 0.18 nan
50274.9883 0.33 0.21 nan
50275.987 0.12 0.18 nan
50276.9888 0.09 0.21 nan
50279.9821 0.21 0.23 nan
50280.9743 nan nan 0.7
50281.9437 0.15 0.32 nan
50282.9711 0.03 0.29 nan
50283.9878 nan nan 0.58
50286.0116 nan nan 2.23
50287.0196 0.67 3.05 nan
50300.944 nan nan 1.08
50301.9451 0.52 0.32 nan
50302.944 0.47 0.42 nan
50303.9317 0.23 0.38 nan
50304.938 nan nan 0.93
50305.942 0.18 0.32 nan
50306.9449 0.15 0.5 nan
50309.931 0.3 0.33 nan
50310.9239 nan nan 1.5
50311.9277 0.12 0.5 nan
50330.9023 nan nan 3.85
50331.8931 nan nan 4.96
50332.8887 0.23 0.82 nan
50334.8811 0.35 1.97 nan
50337.8967 nan nan 8.47
50338.8768 0.18 1.11 nan
50339.8758 0.17 1.12 nan
50341.8731 0.44 1.47 nan
