input/lightcurves/tev-000138_httpveritas.sao.arizona.edu.ecsv
# %ECSV 0.9
# ---
# datatype:
# - {name: time, unit: MJD, datatype: float64}
# - {name: time_min, unit: MJD, datatype: float64}
# - {name: time_max, unit: MJD, datatype: float64}
# - {name: flux, unit: Crab, datatype: float32}
# - {name: flux_err, unit: Crab, datatype: float32}
# meta: !!omap
# - COMMENT: [Mrk 421]
# - {source_id: tev-000138}
# - {telescope: Whipple}
# - {paper_id: '2003ApJ...583L...9H                                                             '}
time time_min time_max flux flux_err
53639.16 53639.1187 53639.2067 0.38 -1.0
53642.2 53642.2007 53642.2078 0.84 0.38
53643.14 53643.1125 53643.1825 0.19 0.13
53644.15 53644.1118 53644.1976 0.45 -1.0
53648.15 53648.1076 53648.2039 0.25 -1.0
53649.15 53649.1097 53649.1964 0.32 -1.0
53650.17 53650.1576 53650.1926 0.61 -1.0
53651.19 53651.1785 53651.2168 0.25 0.14
53668.11 53668.0924 53668.1307 0.36 0.17
53669.09 53669.0813 53669.1004 0.66 -1.0
53670.09 53670.0806 53670.1189 0.62 -1.0
53671.09 53671.0813 53671.1004 0.74 -1.0
53673.09 53673.0799 53673.1111 0.64 -1.0
53674.09 53674.0771 53674.1096 0.48 -1.0
53675.08 53675.0771 53675.0871 1.06 -1.0
53676.08 53676.0736 53676.0928 0.87 -1.0
53677.09 53677.0743 53677.1126 0.36 -1.0
53679.1 53679.1049 53679.1082 1.04 0.6
53696.09 53696.0806 53696.0997 0.82 -1.0
53697.08 53697.0771 53697.0962 0.62 -1.0
53819.43 53819.409 53819.4611 0.53 -1.0
53820.44 53820.4104 53820.4771 0.5 -1.0
53829.48 53829.4681 53829.4943 0.14 0.12
53831.48 53831.4785 53831.4976 0.8 -1.0
53848.4 53848.3854 53848.4238 0.55 -1.0
53849.4 53849.375 53849.4325 0.42 -1.0
53851.41 53851.3882 53851.4461 0.23 -1.0
53852.41 53852.3826 53852.4406 0.18 0.12
53855.4 53855.3951 53855.4143 0.7 -1.0
53857.41 53857.4076 53857.4268 0.83 -1.0
53858.37 53858.3632 53858.3824 0.7 -1.0
53878.33 53878.2868 53878.3922 0.11 0.09
53879.32 53879.2681 53879.3735 0.4 -1.0
53880.33 53880.2764 53880.3918 0.25 -1.0
53881.41 53881.3833 53881.4421 0.31 -1.0
53882.39 53882.384 53882.4032 0.86 -1.0
53883.36 53883.3438 53883.3908 0.37 -1.0
53884.4 53884.3875 53884.4283 0.34 -1.0
53885.39 53885.3854 53885.4046 0.43 -1.0
53886.41 53886.4 53886.4263 0.38 -1.0
53887.42 53887.3917 53887.4496 0.36 -1.0
53888.41 53888.4118 53888.4251 0.59 -1.0
53907.36 53907.3618 53907.3722 0.59 -1.0
