input/lightcurves/tev-000049_reference_empty_1.ecsv
# %ECSV 0.9
# ---
# datatype:
# - {name: time, unit: MJD, datatype: float64}
# - {name: time_min, unit: MJD, datatype: float64}
# - {name: time_max, unit: MJD, datatype: float64}
# - {name: flux, unit: Crab, datatype: float32}
# - {name: flux_err, unit: Crab, datatype: float32}
# meta: !!omap
# - COMMENT: [Mrk 421]
# - {source_id: tev-000049}
# - {telescope: HEGRA_CT1}
# - {paper_id: reference_empty}
time time_min time_max flux flux_err
51577.084 51577.0625 51577.1055 0.11 0.09
51577.2285 51577.207 51577.25 0.11 0.09
51578.084 51578.0625 51578.1055 0.57 0.13
51578.19335 51578.1719 51578.2148 0.43 0.14
51579.0918 51579.0703 51579.1133 0.55 0.13
51579.2051 51579.1836 51579.2266 0.45 0.14
51580.0996 51580.0781 51580.1211 0.2 0.12
51580.2012 51580.1797 51580.2227 0.27 0.14
51581.0762 51581.0547 51581.0977 0.73 0.15
51581.19335 51581.1719 51581.2148 0.61 0.14
51582.13475 51582.1133 51582.1562 0.51 0.09
51583.0801 51583.0586 51583.1016 0.31 0.11
51583.1973 51583.1758 51583.2188 0.11 0.11
51584.13475 51584.1133 51584.1562 0.13 0.07
51585.0801 51585.0586 51585.1016 0.37 0.11
51585.18945 51585.168 51585.2109 0.28 0.13
51586.1699 51586.1484 51586.1914 0.42 0.16
51587.18165 51587.1602 51587.2031 0.16 0.1
51588.209 51588.1875 51588.2305 0.33 -1.0
51590.2715 51590.25 51590.293 2.19 -1.0
51600.0801 51600.0586 51600.1016 1.32 -1.0
51601.1113 51601.0898 51601.1328 0.86 -1.0
51602.0527 51602.0312 51602.0742 0.23 -1.0
51603.0527 51603.0312 51603.0742 0.2 -1.0
51604.0371 51604.0156 51604.0586 0.1 0.08
51605.0371 51605.0156 51605.0586 0.1 0.08
51606.0215 51606.0 51606.043 0.12 -1.0
51609.041 51609.0195 51609.0625 0.35 -1.0
51610.0293 51610.0078 51610.0508 0.13 -1.0
51611.0371 51611.0156 51611.0586 1.71 -1.0
51612.0176 51611.9961 51612.0391 0.11 0.08
51627.99025 51627.9688 51628.0117 0.88 -1.0
51629.9785 51629.957 51630.0 0.34 -1.0
51630.9707 51630.9492 51630.9922 0.27 -1.0
51632.9707 51632.9492 51632.9922 0.27 -1.0
51633.9668 51633.9453 51633.9883 0.34 -1.0
51637.9824 51637.9609 51638.0039 0.35 0.21
51638.93945 51638.918 51638.9609 0.04 -1.0
51639.9551 51639.9336 51639.9766 0.33 -1.0
51654.9121 51654.8906 51654.9336 1.91 -1.0
51655.9277 51655.9062 51655.9492 0.49 0.2
51656.9199 51656.8984 51656.9414 0.49 -1.0
51656.9746 51656.9531 51656.9961 0.7 -1.0
51657.9746 51657.9531 51657.9961 0.38 -1.0
51658.9512 51658.9297 51658.9727 0.23 0.16
51659.93945 51659.918 51659.9609 0.33 -1.0
51660.9199 51660.8984 51660.9414 0.24 0.19
51660.99025 51660.9688 51661.0117 0.8 0.18
51661.9277 51661.9062 51661.9492 1.22 0.27
51662.0137 51661.9922 51662.0352 0.77 0.18
51662.9199 51662.8984 51662.9414 1.7 0.32
51662.9629 51662.9414 51662.9844 2.75 0.44
51663.0371 51663.0156 51663.0586 0.43 0.14
51663.9238 51663.9023 51663.9453 1.35 0.27
51664.93945 51664.918 51664.9609 0.73 0.19
51665.0371 51665.0156 51665.0586 0.41 0.14
51665.9746 51665.9531 51665.9961 0.53 0.2
51670.00975 51669.9883 51670.0312 2.34 -1.0
51670.93945 51670.918 51670.9609 0.74 0.18
51688.00195 51687.9805 51688.0234 6.4 -1.0
51688.9668 51688.9453 51688.9883 0.79 -1.0
51689.959 51689.9375 51689.9805 0.16 0.15
51690.9629 51690.9414 51690.9844 0.36 0.24
51691.9551 51691.9336 51691.9766 0.46 -1.0
51692.9629 51692.9414 51692.9844 0.42 -1.0
51693.9473 51693.9258 51693.9688 0.78 -1.0
51694.959 51694.9375 51694.9805 0.78 -1.0
51695.9473 51695.9258 51695.9688 0.55 -1.0
51696.94335 51696.9219 51696.9648 0.42 -1.0
51697.959 51697.9375 51697.9805 1.28 -1.0
51698.9512 51698.9297 51698.9727 0.78 -1.0
