input/lightcurves/tev-000049_PhD_Martin_Kestel_MPI_Munich.ecsv
# %ECSV 0.9
# ---
# datatype:
# - {name: time, unit: MJD, datatype: float64}
# - {name: time_min, unit: MJD, datatype: float64}
# - {name: time_max, unit: MJD, datatype: float64}
# - {name: flux, unit: Crab, datatype: float32}
# - {name: flux_err, unit: Crab, datatype: float32}
# meta: !!omap
# - COMMENT: [Mrk 421]
# - {source_id: tev-000049}
# - {telescope: HEGRA_CT1}
# - {paper_id: PhD_Martin_Kestel_MPI_Munich}
time time_min time_max flux flux_err
51927.25 51927.25 -1.0 6.52 1.09
51928.25 51928.25 -1.0 4.84 1.77
51929.25 51929.25 -1.0 3.57 0.44
51930.25 51930.25 -1.0 2.24 0.33
51931.25 51931.25 -1.0 4.16 0.34
51932.25 51932.25 -1.0 5.66 0.43
51933.25 51933.25 -1.0 5.76 0.35
51934.25 51934.25 -1.0 2.93 0.31
51935.25 51935.25 -1.0 2.97 0.3
51936.25 51936.25 -1.0 3.71 0.3
51937.25 51937.25 -1.0 3.31 0.3
51937.75 51937.75 -1.0 2.39 0.27
51938.25 51938.25 -1.0 4.88 -1.0
51938.75 51938.75 -1.0 2.87 0.27
51939.25 51939.25 -1.0 5.02 -1.0
51940.25 51940.25 -1.0 2.66 0.27
51941.25 51941.25 -1.0 8.8 0.39
51942.25 51942.25 -1.0 6.02 0.39
51943.25 51943.25 -1.0 3.65 0.44
51944.25 51944.25 -1.0 2.28 0.38
51952.75 51952.75 -1.0 2.49 0.48
51953.75 51953.75 -1.0 2.15 0.81
51954.25 51954.25 -1.0 3.47 0.7
51954.75 51954.75 -1.0 1.93 0.63
51955.25 51955.25 -1.0 1.96 -1.0
51955.75 51955.75 -1.0 2.65 0.77
51956.25 51956.25 -1.0 6.84 0.89
51956.75 51956.75 -1.0 4.04 0.49
51957.25 51957.25 -1.0 4.22 0.74
51957.75 51957.75 -1.0 3.54 0.43
51958.75 51958.75 -1.0 3.25 1.14
51959.25 51959.25 -1.0 2.03 0.9
51959.75 51959.75 -1.0 1.51 0.29
51960.25 51960.25 -1.0 2.56 0.55
51960.75 51960.75 -1.0 2.3 0.29
51961.25 51961.25 -1.0 1.23 0.55
51961.75 51961.75 -1.0 2.42 0.41
51962.25 51962.25 -1.0 2.39 -1.0
51962.75 51962.75 -1.0 1.2 -1.0
51963.25 51963.25 -1.0 3.46 0.65
51963.75 51963.75 -1.0 3.08 0.8
51964.25 51964.25 -1.0 1.64 0.61
51964.75 51964.75 -1.0 4.7 0.67
51965.25 51965.25 -1.0 14.17 1.17
51965.75 51965.75 -1.0 7.47 0.4
51966.75 51966.75 -1.0 8.24 1.66
51967.25 51967.25 -1.0 7.57 1.15
51967.75 51967.75 -1.0 7.98 0.44
51968.25 51968.25 -1.0 5.51 1.41
51968.75 51968.75 -1.0 4.51 0.64
51969.25 51969.25 -1.0 4.7 0.98
51970.25 51970.25 -1.0 6.57 0.59
51971.25 51971.25 -1.0 9.89 1.71
51971.75 51971.75 -1.0 2.89 0.44
51981.75 51981.75 -1.0 3.84 -1.0
51982.75 51982.75 -1.0 1.23 0.45
51983.25 51983.25 -1.0 3.63 0.5
51983.75 51983.75 -1.0 4.11 1.24
51984.25 51984.25 -1.0 5.85 0.6
51984.75 51984.75 -1.0 4.69 0.6
51985.25 51985.25 -1.0 1.8 0.49
51985.75 51985.75 -1.0 1.6 0.35
51986.25 51986.25 -1.0 1.73 -1.0
51986.75 51986.75 -1.0 1.0 0.29
51987.25 51987.25 -1.0 1.59 0.41
51987.75 51987.75 -1.0 1.31 0.3
51988.25 51988.25 -1.0 2.83 0.41
51988.75 51988.75 -1.0 1.77 0.35
51989.25 51989.25 -1.0 9.23 0.63
51989.75 51989.75 -1.0 5.66 0.44
51990.25 51990.25 -1.0 4.34 0.47
51990.75 51990.75 -1.0 3.53 0.43
51991.25 51991.25 -1.0 2.98 0.47
51991.75 51991.75 -1.0 6.23 0.42
51992.25 51992.25 -1.0 9.37 0.62
51992.75 51992.75 -1.0 7.66 0.51
51993.25 51993.25 -1.0 5.87 0.53
51993.75 51993.75 -1.0 4.04 0.47
51994.25 51994.25 -1.0 9.31 0.65
51994.75 51994.75 -1.0 5.88 0.49
51995.25 51995.25 -1.0 6.36 0.64
51995.75 51995.75 -1.0 6.07 0.83
51996.75 51996.75 -1.0 10.26 1.67
51997.25 51997.25 -1.0 9.25 1.19
51998.25 51998.25 -1.0 6.92 0.48
51999.25 51999.25 -1.0 1.73 0.33
52000.25 52000.25 -1.0 3.06 0.51
52001.25 52001.25 -1.0 2.97 -1.0
52010.75 52010.75 -1.0 2.16 1.04
52011.75 52011.75 -1.0 2.31 0.4
52012.25 52012.25 -1.0 0.99 0.39
52012.75 52012.75 -1.0 2.14 0.96
52013.25 52013.25 -1.0 1.63 0.35
52013.75 52013.75 -1.0 1.63 0.44
52014.25 52014.25 -1.0 1.32 -1.0
52014.75 52014.75 -1.0 2.19 -1.0
52015.25 52015.25 -1.0 1.07 0.46
52015.75 52015.75 -1.0 2.88 -1.0
52016.25 52016.25 -1.0 1.58 0.54
52016.75 52016.75 -1.0 1.26 0.46
52017.25 52017.25 -1.0 1.16 0.44
52018.25 52018.25 -1.0 1.69 0.64
52020.25 52020.25 -1.0 2.46 -1.0
52020.75 52020.75 -1.0 2.57 -1.0
52021.75 52021.75 -1.0 3.88 -1.0
52022.25 52022.25 -1.0 2.17 1.0
52023.25 52023.25 -1.0 2.08 -1.0
52025.25 52025.25 -1.0 0.98 -1.0
52026.25 52026.25 -1.0 1.96 -1.0
52026.75 52026.75 -1.0 1.81 -1.0
52039.75 52039.75 -1.0 2.27 -1.0
52040.75 52040.75 -1.0 1.79 -1.0
50426.232657 50426.232657 -1.0 0.85 -1.0
50430.216828 50430.216828 -1.0 0.39 -1.0
50456.16984 50456.16984 -1.0 0.66 -1.0
50457.16996 50457.16996 -1.0 0.64 -1.0
50458.93501 50458.93501 -1.0 0.55 -1.0
50463.93501 50463.93501 -1.0 0.54 -1.0
50464.93501 50464.93501 -1.0 0.54 -1.0
50465.93501 50465.93501 -1.0 0.87 -1.0
50466.93501 50466.93501 -1.0 0.35 0.3
50479.93501 50479.93501 -1.0 2.73 -1.0
50480.93501 50480.93501 -1.0 0.68 -1.0
50482.93501 50482.93501 -1.0 4.22 -1.0
50483.93501 50483.93501 -1.0 0.5 -1.0
50485.93501 50485.93501 -1.0 0.35 0.16
50486.93501 50486.93501 -1.0 0.39 0.19
50487.93501 50487.93501 -1.0 0.83 -1.0
50491.93501 50491.93501 -1.0 0.35 0.2
50494.93501 50494.93501 -1.0 0.73 -1.0
50495.93501 50495.93501 -1.0 1.42 -1.0
50496.93501 50496.93501 -1.0 0.82 -1.0
50506.94498 50506.94498 -1.0 0.85 -1.0
50507.96651 50507.96651 -1.0 0.38 0.33
50509.00105 50509.00105 -1.0 0.21 0.2
50509.98415 50509.98415 -1.0 0.21 -1.0
50511.01351 50511.01351 -1.0 0.27 0.17
50512.01949 50512.01949 -1.0 1.15 -1.0
50514.06741 50514.06741 -1.0 0.44 -1.0
50515.03106 50515.03106 -1.0 0.8 -1.0
50515.98669 50515.98669 -1.0 0.38 0.19
50517.00757 50517.00757 -1.0 0.66 -1.0
50518.00646 50518.00646 -1.0 0.59 -1.0
50519.03384 50519.03384 -1.0 0.7 0.35
50520.03994 50520.03994 -1.0 0.52 -1.0
50521.06368 50521.06368 -1.0 1.4 -1.0
50534.936 50534.936 -1.0 0.72 -1.0
50535.9399 50535.9399 -1.0 0.73 -1.0
50538.0019 50538.0019 -1.0 0.17 -1.0
50538.9648 50538.9648 -1.0 0.59 -1.0
50544.9837 50544.9837 -1.0 0.45 0.28
50545.9322 50545.9322 -1.0 0.45 -1.0
50546.9753 50546.9753 -1.0 0.46 0.44
50834.15 50834.15 -1.0 0.77 0.39
50835.09 50835.09 -1.0 0.53 0.38
50835.1 50835.1 -1.0 0.72 0.39
50835.16 50835.16 -1.0 0.66 0.31
50836.12 50836.12 -1.0 0.26 0.23
50836.21 50836.21 -1.0 0.71 -1.0
50837.14 50837.14 -1.0 0.45 -1.0
50837.22 50837.22 -1.0 0.37 0.25
50838.17 50838.17 -1.0 0.59 0.26
50860.16 50860.16 -1.0 1.0 -1.0
50860.98 50860.98 -1.0 0.56 -1.0
50862.24 50862.24 -1.0 0.31 -1.0
50863.11 50863.11 -1.0 0.3 0.15
50864.1 50864.1 -1.0 0.26 -1.0
50865.08 50865.08 -1.0 0.29 0.12
50866.08 50866.08 -1.0 0.15 0.12
50867.07 50867.07 -1.0 0.19 0.12
50869.07 50869.07 -1.0 0.26 0.13
50870.04 50870.04 -1.0 0.55 -1.0
50872.06 50872.06 -1.0 0.36 -1.0
50873.05 50873.05 -1.0 0.34 -1.0
50874.05 50874.05 -1.0 0.33 -1.0
50875.09 50875.09 -1.0 0.4 -1.0
50876.09 50876.09 -1.0 0.19 -1.0
50892.06 50892.06 -1.0 0.59 0.27
50893.08 50893.08 -1.0 0.29 0.23
50896.04 50896.04 -1.0 0.32 0.16
50900.09 50900.09 -1.0 0.46 -1.0
50900.98 50900.98 -1.0 0.76 0.39
50901.99 50901.99 -1.0 0.44 0.26
50903.04 50903.04 -1.0 0.31 0.14
50904.01 50904.01 -1.0 0.4 0.17
50905.03 50905.03 -1.0 0.38 0.2
50906.01 50906.01 -1.0 0.69 -1.0
50907.04 50907.04 -1.0 0.57 0.28
50908.07 50908.07 -1.0 1.9 -1.0
50918.95 50918.95 -1.0 1.78 0.49
50920.98 50920.98 -1.0 1.34 0.23
50921.09 50921.09 -1.0 0.65 0.36
50921.98 50921.98 -1.0 0.5 0.15
50922.88 50922.88 -1.0 1.31 -1.0
50922.98 50922.98 -1.0 0.32 0.13
50923.97 50923.97 -1.0 0.45 0.15
50924.97 50924.97 -1.0 0.27 0.15
50926.0 50926.0 -1.0 0.35 0.13
50926.97 50926.97 -1.0 0.3 0.13
50927.97 50927.97 -1.0 0.65 0.15
50928.96 50928.96 -1.0 0.55 0.17
50929.96 50929.96 -1.0 0.77 0.15
50930.96 50930.96 -1.0 0.8 0.16
50931.97 50931.97 -1.0 0.73 0.53
50934.04 50934.04 -1.0 0.22 0.15
50934.98 50934.98 -1.0 2.46 0.61
50935.02 50935.02 -1.0 0.87 0.33
50935.99 50935.99 -1.0 0.35 0.31
50937.03 50937.03 -1.0 0.88 -1.0
50937.95 50937.95 -1.0 1.31 -1.0
50946.9 50946.9 -1.0 0.69 0.6
50947.93 50947.93 -1.0 0.51 -1.0
50947.99 50947.99 -1.0 2.22 -1.0
50948.95 50948.95 -1.0 0.26 0.16
50949.91 50949.91 -1.0 0.56 -1.0
50954.92 50954.92 -1.0 0.45 -1.0
50955.92 50955.92 -1.0 0.24 0.19
50956.92 50956.92 -1.0 0.3 -1.0
50958.92 50958.92 -1.0 -0.03 -1.0
50960.97 50960.97 -1.0 0.17 0.15
50964.91 50964.91 -1.0 0.8 0.44
50965.91 50965.91 -1.0 1.23 -1.0
50967.91 50967.91 -1.0 0.68 -1.0
50968.91 50968.91 -1.0 1.13 -1.0
50969.91 50969.91 -1.0 1.32 -1.0
50977.93 50977.93 -1.0 0.04 -1.0
50980.91 50980.91 -1.0 1.35 -1.0
50981.92 50981.92 -1.0 0.22 0.21
50985.91 50985.91 -1.0 0.47 -1.0
51132.2203 51132.2203 -1.0 0.89 -1.0
51133.2174 51133.2174 -1.0 0.61 -1.0
51135.2207 51135.2207 -1.0 0.32 0.19
51136.2226 51136.2226 -1.0 0.23 0.17
51137.2212 51137.2212 -1.0 0.68 -1.0
51138.2185 51138.2185 -1.0 0.51 -1.0
51139.2235 51139.2235 -1.0 0.25 0.24
51140.2351 51140.2351 -1.0 0.46 -1.0
51141.2278 51141.2278 -1.0 0.14 0.14
51142.2258 51142.2258 -1.0 0.38 -1.0
51143.2245 51143.2245 -1.0 0.56 0.2
51144.2319 51144.2319 -1.0 0.17 0.15
51145.2003 51145.2003 -1.0 0.17 0.08
51146.1969 51146.1969 -1.0 0.28 -1.0
51162.2127 51162.2127 -1.0 0.35 0.14
51163.2114 51163.2114 -1.0 0.2 0.11
51164.2142 51164.2142 -1.0 0.42 0.15
51165.2152 51165.2152 -1.0 0.18 0.14
51166.2172 51166.2172 -1.0 1.3 0.19
51168.1883 51168.1883 -1.0 0.38 0.11
51171.1509 51171.1509 -1.0 0.61 0.16
51172.1479 51172.1479 -1.0 0.32 0.14
51174.1921 51174.1921 -1.0 0.22 0.11
51175.21 51175.21 -1.0 0.42 -1.0
51196.2287 51196.2287 -1.0 0.55 -1.0
51197.1815 51197.1815 -1.0 0.12 -1.0
51198.1796 51198.1796 -1.0 0.11 0.09
51199.1751 51199.1751 -1.0 0.12 -1.0
51201.101 51201.101 -1.0 0.38 -1.0
51202.1764 51202.1764 -1.0 0.27 -1.0
51203.2149 51203.2149 -1.0 0.22 0.16
51204.1405 51204.1405 -1.0 0.84 -1.0
51219.1109 51219.1109 -1.0 0.25 -1.0
51220.1172 51220.1172 -1.0 0.23 -1.0
51221.118 51221.118 -1.0 0.46 -1.0
51222.1069 51222.1069 -1.0 0.33 -1.0
51223.1034 51223.1034 -1.0 0.39 -1.0
51226.1006 51226.1006 -1.0 0.11 -1.0
51227.0937 51227.0937 -1.0 0.13 0.11
51228.0926 51228.0926 -1.0 0.42 -1.0
51229.0822 51229.0822 -1.0 0.38 -1.0
51230.0853 51230.0853 -1.0 0.43 -1.0
51231.0869 51231.0869 -1.0 0.22 -1.0
51243.9556 51243.9556 -1.0 0.47 -1.0
51253.9865 51253.9865 -1.0 0.26 0.17
51254.9828 51254.9828 -1.0 0.54 -1.0
51256.9777 51256.9777 -1.0 0.37 -1.0
51258.9751 51258.9751 -1.0 0.19 0.15
51276.0157 51276.0157 -1.0 0.26 0.15
51277.0223 51277.0223 -1.0 0.33 -1.0
51278.0167 51278.0167 -1.0 0.19 -1.0
51279.0195 51279.0195 -1.0 0.32 -1.0
51280.0204 51280.0204 -1.0 0.2 0.16
51281.0064 51281.0064 -1.0 0.18 0.16
51283.0058 51283.0058 -1.0 0.39 0.18
51284.9985 51284.9985 -1.0 0.35 0.16
51285.9941 51285.9941 -1.0 0.52 0.22
51286.9922 51286.9922 -1.0 0.46 -1.0
51287.9911 51287.9911 -1.0 0.61 0.16
51288.9858 51288.9858 -1.0 0.26 -1.0
51289.9994 51289.9994 -1.0 0.46 -1.0
51301.9131 51301.9131 -1.0 0.28 0.15
51302.9258 51302.9258 -1.0 0.16 0.15
51303.9357 51303.9357 -1.0 0.28 -1.0
51304.9265 51304.9265 -1.0 0.53 -1.0
51305.94 51305.94 -1.0 0.39 -1.0
51306.9175 51306.9175 -1.0 0.55 -1.0
51307.9194 51307.9194 -1.0 0.35 -1.0
51308.9105 51308.9105 -1.0 0.55 -1.0
51309.9094 51309.9094 -1.0 0.45 -1.0
51313.9056 51313.9056 -1.0 0.28 0.18
51314.9066 51314.9066 -1.0 0.59 -1.0
51315.9108 51315.9108 -1.0 0.44 -1.0
51491.2377 51491.2377 -1.0 1.89 -1.0
51492.2297 51492.2297 -1.0 1.35 -1.0
51494.2377 51494.2377 -1.0 1.25 -1.0
51522.2368 51522.2368 -1.0 0.45 -1.0
51524.2351 51524.2351 -1.0 0.18 -1.0
51526.2499 51526.2499 -1.0 0.11 -1.0
51528.1692 51528.1692 -1.0 0.7 -1.0
51529.2185 51529.2185 -1.0 0.19 -1.0
51530.2139 51530.2139 -1.0 0.24 -1.0
51531.2336 51531.2336 -1.0 0.13 -1.0
