input/lightcurves/tev-000091_httpveritas.sao.arizona.eduSummariessummarymrk501.table_1.ecsv
# %ECSV 0.9
# ---
# datatype:
# - {name: time, unit: MJD, datatype: float64}
# - {name: time_min, unit: MJD, datatype: float64}
# - {name: time_max, unit: MJD, datatype: float64}
# - {name: flux, unit: Crab, datatype: float32}
# - {name: flux_err, unit: Crab, datatype: float32}
# meta: !!omap
# - COMMENT: [Mrk 421]
# - {source_id: tev-000091}
# - {telescope: VERITAS}
# - {paper_id: 'http://veritas.sao.arizona.edu/Summaries/summarymrk501.table                    '}
time time_min time_max flux flux_err
53795.0 53795.0 -1.0 1.04 0.16
53798.0 53798.0 -1.0 0.69 0.16
53799.0 53799.0 -1.0 0.68 -1.0
53824.0 53824.0 -1.0 0.32 0.14
53826.0 53826.0 -1.0 0.8 -1.0
53827.0 53827.0 -1.0 0.22 -1.0
53828.0 53828.0 -1.0 0.44 -1.0
53845.0 53845.0 -1.0 0.35 0.2
53847.0 53847.0 -1.0 0.41 -1.0
53848.0 53848.0 -1.0 0.47 -1.0
53850.0 53850.0 -1.0 0.28 0.13
53851.0 53851.0 -1.0 0.16 0.1
53853.0 53853.0 -1.0 0.16 0.1
53855.0 53855.0 -1.0 0.74 -1.0
53856.0 53856.0 -1.0 0.6 -1.0
53857.0 53857.0 -1.0 0.71 0.21
53858.0 53858.0 -1.0 0.24 -1.0
53875.0 53875.0 -1.0 0.33 -1.0
53876.0 53876.0 -1.0 0.26 -1.0
53880.0 53880.0 -1.0 0.26 -1.0
53881.0 53881.0 -1.0 0.35 0.22
53882.0 53882.0 -1.0 0.35 0.22
53883.0 53883.0 -1.0 0.23 -1.0
53884.0 53884.0 -1.0 0.41 -1.0
53885.0 53885.0 -1.0 0.1 0.09
53886.0 53886.0 -1.0 0.38 -1.0
53887.0 53887.0 -1.0 0.14 0.08
53903.0 53903.0 -1.0 0.1 0.1
53904.0 53904.0 -1.0 0.38 -1.0
53906.0 53906.0 -1.0 0.1 0.08
54147.0 54147.0 -1.0 0.6 0.18
54151.0 54151.0 -1.0 0.36 0.15
54153.0 54153.0 -1.0 0.61 0.23
54155.0 54155.0 -1.0 0.21 0.14
54173.0 54173.0 -1.0 0.49 -1.0
54174.0 54174.0 -1.0 0.56 -1.0
54175.0 54175.0 -1.0 0.6 -1.0
54176.0 54176.0 -1.0 0.53 -1.0
54178.0 54178.0 -1.0 0.14 0.14
54183.0 54183.0 -1.0 0.71 0.16
54184.0 54184.0 -1.0 0.61 -1.0
54201.0 54201.0 -1.0 0.44 0.2
54203.0 54203.0 -1.0 0.16 0.14
54204.0 54204.0 -1.0 0.21 0.09
54205.0 54205.0 -1.0 0.13 0.1
54207.0 54207.0 -1.0 0.33 -1.0
54208.0 54208.0 -1.0 0.41 -1.0
54209.0 54209.0 -1.0 0.42 0.18
54211.0 54211.0 -1.0 0.67 0.1
54212.0 54212.0 -1.0 0.47 0.11
54228.0 54228.0 -1.0 0.38 -1.0
54228.0 54228.0 -1.0 0.37 -1.0
54229.0 54229.0 -1.0 0.26 -1.0
54230.0 54230.0 -1.0 0.33 -1.0
54231.0 54231.0 -1.0 0.12 0.08
54232.0 54232.0 -1.0 0.18 -1.0
54234.0 54234.0 -1.0 0.24 -1.0
54235.0 54235.0 -1.0 0.22 0.11
54236.0 54236.0 -1.0 0.35 -1.0
54237.0 54237.0 -1.0 0.4 -1.0
54238.0 54238.0 -1.0 0.33 -1.0
54239.0 54239.0 -1.0 0.23 -1.0
54240.0 54240.0 -1.0 0.53 -1.0
54241.0 54241.0 -1.0 0.42 -1.0
54242.0 54242.0 -1.0 0.37 -1.0
54243.0 54243.0 -1.0 0.32 -1.0
54256.0 54256.0 -1.0 0.22 0.18
54257.0 54257.0 -1.0 0.37 -1.0
54258.0 54258.0 -1.0 0.66 -1.0
54261.0 54261.0 -1.0 0.36 -1.0
54263.0 54263.0 -1.0 0.35 -1.0
54264.0 54264.0 -1.0 0.25 -1.0
54265.0 54265.0 -1.0 0.28 -1.0
54266.0 54266.0 -1.0 0.68 -1.0
54267.0 54267.0 -1.0 0.21 -1.0
54268.0 54268.0 -1.0 0.29 -1.0
54269.0 54269.0 -1.0 0.25 -1.0
54270.0 54270.0 -1.0 0.35 -1.0
54271.0 54271.0 -1.0 0.29 -1.0
54272.0 54272.0 -1.0 0.28 -1.0
54273.0 54273.0 -1.0 0.45 0.18
54274.0 54274.0 -1.0 0.65 -1.0
