input/lightcurves/tev-000049_1996ApJ...460..644S.ecsv
# %ECSV 0.9
# ---
# datatype:
# - {name: time, unit: MJD, datatype: float64}
# - {name: time_min, unit: MJD, datatype: float64}
# - {name: time_max, unit: MJD, datatype: float64}
# - {name: flux, unit: Crab, datatype: float32}
# - {name: flux_err, unit: Crab, datatype: float32}
# meta: !!omap
# - COMMENT: [Mrk 421]
# - {source_id: tev-000049}
# - {telescope: Whipple}
# - {paper_id: 1996ApJ...460..644S}
time time_min time_max flux flux_err
48705.1757 48705.134 48705.2174 0.57 0.29
48732.89195 48732.8503 48732.9336 0.39 0.29
48734.0997 48734.058 48734.1414 0.48 0.29
48738.98535 48738.9437 48739.027 0.97 -1.0
48741.0259 48740.9842 48741.0676 0.34 0.29
48741.93195 48741.8903 48741.9736 0.41 0.29
48763.9543 48763.9126 48763.996 1.32 0.29
48774.99565 48774.954 48775.0373 1.07 -1.0
48979.20905 48979.1674 48979.2507 1.45 -1.0
49008.0226 49007.9809 49008.0643 1.43 -1.0
49009.05835 49009.0167 49009.1 1.06 0.37
49010.09415 49010.0525 49010.1358 1.31 -1.0
49011.2241 49011.1824 49011.2658 0.6 0.37
49013.10735 49013.0657 49013.149 1.32 -1.0
49016.02635 49015.9847 49016.068 0.65 0.37
49019.03955 49018.9979 49019.0812 0.47 0.37
49040.13185 49040.0902 49040.1735 1.21 -1.0
49044.08665 49044.045 49044.1283 1.43 -1.0
49335.35715 49335.3155 49335.3988 4.62 -1.0
49336.25 49336.2083 49336.2917 6.25 -1.0
49337.32145 49337.2798 49337.3631 3.78 2.0
49362.32145 49362.2798 49362.3631 0.83 -1.0
49363.0357 49362.994 49363.0774 0.87 -1.0
49363.57145 49363.5298 49363.6131 0.88 -1.0
49364.4643 49364.4226 49364.506 0.9 -1.0
49369.10715 49369.0655 49369.1488 0.99 -1.0
49370.17855 49370.1369 49370.2202 0.85 -1.0
49371.42855 49371.3869 49371.4702 0.83 -1.0
49389.2857 49389.244 49389.3274 0.94 -1.0
49398.2143 49398.1726 49398.256 0.82 -1.0
49415.17855 49415.1369 49415.2202 0.47 0.32
49416.07145 49416.0298 49416.1131 0.89 0.32
49417.14285 49417.1012 49417.1845 0.99 -1.0
49418.92855 49418.8869 49418.9702 1.05 -1.0
49426.07145 49426.0298 49426.1131 0.97 -1.0
49442.14285 49442.1012 49442.1845 0.76 -1.0
49443.92855 49443.8869 49443.9702 0.92 -1.0
49445.7143 49445.6726 49445.756 0.42 0.32
49447.14285 49447.1012 49447.1845 0.76 -1.0
49448.0357 49447.994 49448.0774 1.2 -1.0
49450.89285 49450.8512 49450.9345 0.9 -1.0
49452.14285 49452.1012 49452.1845 1.14 -1.0
49453.0357 49452.994 49453.0774 0.99 -1.0
49455.89285 49455.8512 49455.9345 0.85 -1.0
49456.9643 49456.9226 49457.006 1.12 -1.0
49471.9643 49471.9226 49472.006 0.84 -1.0
49474.10715 49474.0655 49474.1488 1.1 -1.0
49479.82145 49479.7798 49479.8631 1.0 -1.0
49481.25 49481.2083 49481.2917 0.91 -1.0
49481.7857 49481.744 49481.8274 0.35 0.32
49485.0 49484.9583 49485.0417 0.66 0.32
49485.89285 49485.8512 49485.9345 1.77 0.32
49499.82145 49499.7798 49499.8631 1.08 -1.0
49500.0 49499.9583 49500.0417 0.91 -1.0
49501.07145 49501.0298 49501.1131 0.88 -1.0
49503.0357 49502.994 49503.0774 1.0 -1.0
49504.10715 49504.0655 49504.1488 1.02 -1.0
49506.9643 49506.9226 49507.006 0.42 0.32
49507.85715 49507.8155 49507.8988 1.27 -1.0
49508.92855 49508.8869 49508.9702 1.0 0.32
49510.17855 49510.1369 49510.2202 0.56 0.32
49511.07145 49511.0298 49511.1131 0.49 -1.0
49512.14285 49512.1012 49512.1845 0.55 -1.0
49514.10715 49514.0655 49514.1488 1.16 -1.0
