input/papers/2003/2003ApJ...583L...9H/tev-000138-lc.ecsv
# %ECSV 0.9
# ---
# datatype:
# - {name: time, unit: MJD, datatype: float64}
# - {name: time_min, unit: MJD, datatype: float64}
# - {name: time_max, unit: MJD, datatype: float64}
# - {name: flux, unit: Crab, datatype: float32}
# - {name: flux_err, unit: Crab, datatype: float32}
# - {name: flux_ul, datatype: float32}
# meta: !!omap
# - COMMENT: [Mrk 421]
# - {data_type: lc}
# - {source_id: 138}
# - {telescope: Whipple}
# - {reference_id: 2003ApJ...583L...9H}
time time_min time_max flux flux_err flux_ul
52410.45 52410.4531 52410.4531 1.18 0.37 nan
52411.3 52411.3008 52411.3008 3.25 0.87 nan
52411.33 52411.3398 52411.3398 2.64 0.7 nan
52411.38 52411.3828 52411.3828 2.09 0.55 nan
52411.42 52411.4258 52411.4258 2.87 0.67 nan
52411.46 52411.4609 52411.4609 4.3 1.08 nan
52412.35 52412.3516 52412.3516 2.74 0.71 nan
52412.37 52412.3711 52412.3711 1.21 0.43 nan
52412.39 52412.3906 52412.3906 1.88 0.51 nan
52412.45 52412.457 52412.457 2.26 0.72 nan
52413.35 52413.3594 52413.3594 1.74 0.53 nan
52414.41 52414.4102 52414.4102 2.24 0.54 nan
52414.42 52414.4297 52414.4297 1.39 0.39 nan
52414.45 52414.4531 52414.4531 2.26 0.54 nan
52415.4 52415.4062 52415.4062 0.73 0.31 nan
52415.42 52415.4258 52415.4258 0.51 0.27 nan
52415.44 52415.4453 52415.4453 0.65 0.27 nan
52416.44 52416.4492 52416.4492 0.91 0.3 nan
52426.29 52426.293 52426.293 1.14 0.69 nan
52427.29 52427.2969 52427.2969 nan nan 1.38
52427.32 52427.3203 52427.3203 0.26 0.42 nan
52428.31 52428.3164 52428.3164 0.11 0.32 nan
52428.33 52428.3398 52428.3398 0.68 0.34 nan
52429.3 52429.3086 52429.3086 3.85 0.88 nan
52429.32 52429.3281 52429.3281 3.61 0.83 nan
52429.34 52429.3477 52429.3477 3.16 0.74 nan
52429.36 52429.3633 52429.3633 4.78 1.18 nan
52430.3 52430.3047 52430.3047 0.4 0.36 nan
52430.32 52430.3242 52430.3242 0.42 0.35 nan
52430.34 52430.3438 52430.3438 0.74 0.36 nan
52430.36 52430.3633 52430.3633 0.72 0.35 nan
52430.38 52430.3828 52430.3828 1.81 0.5 nan
52431.32 52431.3203 52431.3203 0.1 0.32 nan
52431.33 52431.3398 52431.3398 0.48 0.31 nan
52431.35 52431.3594 52431.3594 0.45 0.28 nan
52431.37 52431.3789 52431.3789 0.5 0.3 nan
52432.33 52432.332 52432.332 0.17 0.36 nan
52432.35 52432.3516 52432.3516 0.61 0.35 nan
52433.28 52433.2891 52433.2891 nan nan 0.75
52433.3 52433.3008 52433.3008 0.28 0.4 nan
52433.32 52433.3203 52433.3203 0.37 0.4 nan
52433.33 52433.3398 52433.3398 0.6 0.38 nan
52433.36 52433.3633 52433.3633 0.47 0.31 nan
52433.38 52433.3828 52433.3828 0.22 0.31 nan
52434.33 52434.332 52434.332 nan nan 1.2
52434.37 52434.3711 52434.3711 nan nan 1.13
52435.34 52435.3477 52435.3477 0.16 0.27 nan
52436.33 52436.3359 52436.3359 nan nan 0.85
52437.3 52437.3047 52437.3047 0.35 0.53 nan
52437.32 52437.3242 52437.3242 0.57 0.4 nan
52437.34 52437.3438 52437.3438 0.15 0.36 nan
52437.36 52437.3633 52437.3633 nan nan 0.79
52438.3 52438.3008 52438.3008 0.22 0.36 nan
52438.42 52438.4297 52438.4297 nan nan 0.66
52438.44 52438.4453 52438.4453 0.7 0.52 nan
52439.3 52439.3086 52439.3086 nan nan 0.57
52440.36 52440.3633 52440.3633 0.21 0.27 nan
52440.42 52440.4297 52440.4297 nan nan 0.48
52440.44 52440.4453 52440.4453 0.68 0.44 nan
52441.36 52441.3672 52441.3672 nan nan 0.85
52441.38 52441.3867 52441.3867 nan nan 1.0
52441.4 52441.4062 52441.4062 0.33 0.28 nan
52441.42 52441.4258 52441.4258 0.28 0.27 nan
52441.44 52441.4453 52441.4453 0.1 0.33 nan
52442.33 52442.3359 52442.3359 nan nan 0.7
52442.4 52442.4023 52442.4023 nan nan 0.98
52442.42 52442.4219 52442.4219 nan nan 1.05
52442.44 52442.4414 52442.4414 nan nan 0.5
52443.39 52443.3945 52443.3945 0.07 0.19 nan
52443.41 52443.4141 52443.4141 0.1 0.2 nan
52443.42 52443.4258 52443.4258 0.37 0.44 nan
52444.37 52444.3789 52444.3789 0.0 0.24 nan
52460.31 52460.3164 52460.3164 0.87 0.44 nan
52460.33 52460.3359 52460.3359 1.11 0.34 nan
52461.19 52461.1914 52461.1914 0.52 0.45 nan
52461.23 52461.2344 52461.2344 0.13 0.34 nan
52461.25 52461.2539 52461.2539 0.23 0.34 nan
52461.35 52461.3555 52461.3555 1.16 0.35 nan
52461.37 52461.3789 52461.3789 0.72 0.31 nan
52462.21 52462.2148 52462.2148 nan nan 1.37
52462.25 52462.2539 52462.2539 0.16 0.3 nan
52462.34 52462.3477 52462.3477 0.66 0.28 nan
52463.28 52463.2891 52463.2891 nan nan 0.44
52463.31 52463.3125 52463.3125 1.12 0.48 nan
52463.33 52463.332 52463.332 0.75 0.31 nan
52463.35 52463.3516 52463.3516 0.69 0.3 nan
52463.37 52463.3711 52463.3711 1.03 0.36 nan
52463.39 52463.3906 52463.3906 0.69 0.34 nan
52463.41 52463.4102 52463.4102 0.72 0.38 nan
52463.43 52463.4375 52463.4375 0.7 0.47 nan
