input/papers/no_paper/lightcurves/source_id_49/httpveritas.sao.arizona.edu.ecsv
# %ECSV 0.9
# ---
# datatype:
# - {name: time, unit: MJD, datatype: float64}
# - {name: time_min, unit: MJD, datatype: float64}
# - {name: time_max, unit: MJD, datatype: float64}
# - {name: flux, unit: Crab, datatype: float32}
# - {name: flux_err, unit: Crab, datatype: float32}
# meta: !!omap
# - COMMENT: [Mrk 421]
# - {source_id: 49}
# - {telescope: VERITAS}
# - {paper_id: 'http://veritas.sao.arizona.edu'}
# - {data_id: no_paper}
time time_min time_max flux flux_err
53676.45705 53676.418 53676.4961 0.28 0.1
53677.4512 53677.4219 53677.4805 0.56 -1.0
53678.459 53678.4297 53678.4883 0.54 -1.0
53679.44925 53679.4297 53679.4688 0.26 0.19
53680.44925 53680.4297 53680.4688 0.55 0.18
53681.46095 53681.4141 53681.5078 0.3 0.06
53682.4434 53682.4141 53682.4727 0.54 -1.0
53683.4707 53683.4219 53683.5195 0.28 0.09
53684.45315 53684.4336 53684.4727 0.53 0.18
53685.45315 53685.4141 53685.4922 0.4 0.12
53703.46095 53703.4414 53703.4805 1.11 0.16
53704.4902 53704.4648 53704.5156 1.38 0.14
53705.48435 53705.4375 53705.5312 1.61 0.1
53706.50585 53706.4805 53706.5312 1.15 0.14
53707.5059 53707.4766 53707.5352 0.54 0.11
53708.4824 53708.4531 53708.5117 0.96 0.14
53709.4922 53709.4727 53709.5117 1.37 0.16
53710.48435 53710.457 53710.5117 0.9 0.13
53711.38865 53711.3711 53711.4062 1.36 0.16
53712.5 53712.4609 53712.5391 1.32 0.11
53713.48825 53713.4492 53713.5273 0.8 0.11
53714.502 53714.4688 53714.5352 0.91 0.11
53731.42775 53731.4141 53731.4414 2.71 0.22
53732.4453 53732.4062 53732.4844 2.48 0.13
53733.4277 53733.332 53733.5234 2.29 0.08
53734.4297 53734.3438 53734.5156 2.24 0.08
53739.4336 53739.3789 53739.4883 1.96 0.09
53740.4375 53740.3516 53740.5234 1.76 0.07
53742.457 53742.3984 53742.5156 1.14 0.08
53758.3418 53758.3398 53758.3438 1.12 0.23
53761.39845 53761.3711 53761.4258 1.92 0.12
53762.3496 53762.3398 53762.3594 0.87 0.19
53763.33205 53763.293 53763.3711 2.2 0.1
53764.37695 53764.3477 53764.4062 1.56 0.13
53765.3867 53765.3359 53765.4375 2.12 0.09
53766.38085 53766.332 53766.4297 1.62 0.1
53767.3535 53767.3281 53767.3789 1.22 0.13
53768.38865 53768.3359 53768.4414 2.11 0.1
53769.36715 53769.3398 53769.3945 1.62 0.12
53786.25195 53786.2227 53786.2812 0.54 0.13
53790.3789 53790.3398 53790.418 1.61 0.11
53791.30275 53791.2852 53791.3203 1.08 0.15
53791.46095 53791.4492 53791.4727 0.99 0.2
53793.32225 53793.2812 53793.3633 1.07 0.09
53794.2832 53794.2734 53794.293 1.01 0.19
53796.43165 53796.4219 53796.4414 0.93 0.23
53797.2832 53797.2656 53797.3008 0.43 0.14
53799.31055 53799.3008 53799.3203 0.99 0.22
53817.25585 53817.207 53817.3047 0.57 0.1
53818.1992 53818.1328 53818.2656 0.41 0.08
53819.1758 53819.1289 53819.2227 0.32 -1.0
53820.25785 53820.2188 53820.2969 0.19 0.09
53821.21095 53821.1641 53821.2578 0.15 0.05
53823.2832 53823.2344 53823.332 0.52 0.1
53825.26755 53825.1992 53825.3359 0.43 0.07
53826.2676 53826.2383 53826.2969 0.12 0.06
53827.30275 53827.2539 53827.3516 0.56 0.48
53828.3223 53828.293 53828.3516 0.43 0.09
53829.3379 53829.3281 53829.3477 0.4 0.18
53844.18165 53844.1445 53844.2188 1.03 0.09
53845.17575 53845.1406 53845.2109 1.49 0.1
53846.21285 53846.1445 53846.2812 1.44 0.07
53848.2637 53848.1602 53848.3672 0.99 0.05
53849.1836 53849.1445 53849.2227 0.73 0.09
53850.1797 53850.1406 53850.2188 1.62 0.09
53851.1875 53851.1484 53851.2266 1.02 0.09
53852.1875 53852.1406 53852.2344 0.78 0.08
53854.22265 53854.1523 53854.293 0.9 0.07
53855.25 53855.1914 53855.3086 0.66 0.07
53856.25585 53856.2461 53856.2656 1.4 0.26
53873.1895 53873.1602 53873.2188 1.13 0.1
53874.1836 53874.1797 53874.1875 0.48 0.22
53877.2168 53877.168 53877.2656 1.06 0.09
53878.18355 53878.1523 53878.2148 0.95 0.11
53879.1914 53879.1523 53879.2305 0.42 0.1
53880.166 53880.1562 53880.1758 1.26 0.23
53881.1895 53881.1602 53881.2188 1.04 0.1
53882.19925 53882.1602 53882.2383 1.49 0.11
53883.19925 53883.1602 53883.2383 1.35 0.1
53884.21485 53884.1875 53884.2422 1.6 0.12
54062.4943 54062.4847 54062.5039 1.02 0.0
54064.4811 54064.4569 54064.5053 0.55 0.0
54067.5221 54067.5125 54067.5317 0.29 0.24
54085.4261 54085.4069 54085.4453 0.39 0.18
54090.5092 54090.4771 54090.5413 0.34 0.14
54115.39215 54115.3569 54115.4274 0.81 0.16
54116.37185 54116.3431 54116.4006 0.66 0.17
54117.36225 54117.3431 54117.3814 1.43 0.21
54127.41445 54127.4049 54127.424 1.41 0.3
54128.4672 54128.4576 54128.4768 1.07 0.3
54147.3175 54147.2792 54147.3558 0.31 0.12
54148.28835 54148.25 54148.3267 0.39 0.12
54149.2914 54149.2722 54149.3106 0.17 0.14
54150.30915 54150.2708 54150.3475 0.26 0.1
54152.28635 54152.2576 54152.3151 0.54 0.13
54153.2679 54153.2583 54153.2775 0.84 0.0
54154.35515 54154.3264 54154.3839 0.51 0.13
54156.43585 54156.4167 54156.455 0.34 0.16
54168.2186 54168.209 54168.2282 0.77 0.0
54170.27375 54170.2562 54170.2913 0.41 0.15
54171.27255 54171.2438 54171.3013 0.25 0.12
54172.27945 54172.2507 54172.3082 0.69 0.12
54173.28365 54173.2549 54173.3124 0.43 0.12
54174.29335 54174.2646 54174.3221 0.75 0.12
54175.31905 54175.2903 54175.3478 0.32 0.11
54176.33225 54176.2937 54176.3708 0.35 0.0
54177.27265 54177.241 54177.3043 0.44 0.1
54179.22805 54179.1993 54179.2568 0.76 0.13
