input/papers/no_paper/lightcurves/source_id_138/reference_empty.ecsv
# %ECSV 0.9
# ---
# datatype:
# - {name: time, unit: MJD, datatype: float64}
# - {name: time_min, unit: MJD, datatype: float64}
# - {name: time_max, unit: MJD, datatype: float64}
# - {name: flux, unit: Crab, datatype: float32}
# - {name: flux_err, unit: Crab, datatype: float32}
# meta: !!omap
# - COMMENT: [Mrk 421]
# - {source_id: 138}
# - {telescope: HEGRA_CT_System}
# - {paper_id: reference_empty}
# - {data_id: no_paper}
time time_min time_max flux flux_err
51757.1 51757.0843 51757.1277 0.16 0.24
51784.94 51784.91 51784.9808 0.25 0.16
51786.0 51785.9821 51786.0264 0.28 -1.0
51788.01 51787.9839 51788.0418 0.15 0.17
51789.0 51788.9781 51789.0384 0.22 -1.0
51790.0 51789.977 51790.035 0.24 -1.0
51791.0 51790.9672 51791.0419 0.15 0.17
51792.02 51792.0076 51792.0429 0.06 0.21
51793.02 51793.0195 51793.0334 0.45 0.46
52047.16 52047.1238 52047.2051 0.23 -1.0
52050.19 52050.1687 52050.212 0.21 0.22
52052.18 52052.1603 52052.2108 0.25 -1.0
52053.18 52053.155 52053.2106 0.2 -1.0
52054.17 52054.1505 52054.1937 0.21 -1.0
52055.17 52055.1491 52055.2068 0.21 -1.0
52056.18 52056.1529 52056.2105 0.18 0.17
52057.18 52057.156 52057.2097 0.24 -1.0
52058.18 52058.167 52058.1956 0.28 -1.0
52059.17 52059.1641 52059.1927 0.0 0.17
52060.18 52060.1597 52060.203 0.01 0.14
52061.18 52061.1755 52061.1976 0.37 -1.0
52082.08 52082.0591 52082.1173 0.22 -1.0
52083.08 52083.0594 52083.117 0.24 -1.0
52084.08 52084.053 52084.1107 0.25 -1.0
52085.06 52085.0322 52085.1047 0.24 0.16
52086.07 52086.0179 52086.1417 0.11 0.11
52087.1 52087.0261 52087.1913 0.01 0.09
52088.12 52088.054 52088.1993 0.16 -1.0
52101.99 52101.976 52102.0084 0.07 0.24
52103.02 52103.0135 52103.0275 0.58 -1.0
52104.02 52104.0032 52104.0534 0.17 0.2
52105.03 52104.9983 52105.0771 0.1 0.12
52106.02 52105.9975 52106.0554 0.01 0.14
52107.04 52107.0343 52107.0584 0.08 0.23
52110.01 52109.9962 52110.0393 0.06 0.18
52112.01 52111.9967 52112.0397 0.14 0.2
52130.96 52130.9499 52130.9727 0.52 -1.0
52131.96 52131.9535 52131.9816 0.08 0.2
52132.97 52132.9419 52133.0145 0.17 -1.0
52133.97 52133.9439 52134.0016 0.18 -1.0
52134.96 52134.9399 52134.9831 0.01 0.17
52136.95 52136.938 52136.9806 0.26 0.19
52137.96 52137.9387 52137.982 0.22 -1.0
52138.98 52138.9365 52139.037 0.23 0.14
52140.03 52139.9949 52140.0675 0.07 0.14
52140.97 52140.9343 52141.0227 0.24 0.14
52142.98 52142.9591 52143.0022 0.18 0.18
52143.95 52143.9383 52143.9815 0.15 0.2
52144.98 52144.964 52145.0073 0.02 0.19
52146.01 52145.9898 52146.0329 0.29 -1.0
52158.88 52158.8667 52158.9101 0.28 -1.0
52159.91 52159.8884 52159.9431 0.12 0.17
52160.91 52160.8665 52160.9682 0.24 -1.0
52161.89 52161.8708 52161.9286 0.06 0.12
52163.88 52163.8809 52163.8945 0.41 -1.0
52165.9 52165.8717 52165.9315 0.22 -1.0
52167.93 52167.8609 52167.9994 0.16 -1.0
52168.87 52168.8642 52168.8928 0.33 -1.0
52169.89 52169.8586 52169.9323 0.22 -1.0
52171.9 52171.8679 52171.9403 0.03 0.13
52193.87 52193.8352 52193.9194 0.21 -1.0
52194.88 52194.8342 52194.9428 0.26 -1.0
52195.88 52195.8322 52195.9335 0.0 0.11
52196.88 52196.8417 52196.9341 0.08 0.12
52199.88 52199.8325 52199.9303 0.25 0.13
52200.86 52200.8266 52200.9126 0.23 -1.0
52201.87 52201.8267 52201.9133 0.02 0.13
52202.87 52202.8282 52202.9154 0.21 -1.0
52203.87 52203.8577 52203.8863 0.11 0.21
