input/data/2018/2018ApJ...856...95A/tev-000148-lc-1.ecsv
# %ECSV 0.9
# ---
# datatype:
# - {name: e_min, unit: TeV, datatype: float64}
# - {name: time, unit: MJD, datatype: float64}
# - {name: flux, unit: m-2 s-1, datatype: float64}
# - {name: flux_err, unit: m-2 s-1, datatype: float64}
# - {name: live_time, unit: s, datatype: float64}
# meta: !!omap
# - data_type: lc
# - source_id: 148
# - reference_id: 2018ApJ...856...95A
# - telescope: veritas
# - file_id: 1
# - {SED_TYPE: flux}
# - comments: |
#     4-min bins (Fig 1)
e_min time flux flux_err live_time
0.2 57666.16512883 2.066401349209e-06 3.977646067535e-07 205.5610568
0.2 57666.16790661 6.277083521201e-07 2.506630695002e-07 203.7551391
0.2 57666.17068439 1.661787379172e-06 3.761323190921e-07 202.3007885
0.2 57666.17346217 1.908301901719e-06 3.916051209587e-07 202.6086559
0.2 57666.17623994 1.441257359224e-06 3.429916705453e-07 202.1973822
0.2 57666.17901772 1.22214372509e-06 3.287038174212e-07 202.6614211
0.2 57666.1817955 1.995001972803e-06 3.977087205237e-07 202.3547211
0.2 57666.18457328 1.81028055358e-06 3.957170585223e-07 168.8947943
0.2 57666.18735106 2.104829034056e-06 3.918590394748e-07 205.1425572
0.2 57666.19012883 1.431432424617e-06 3.410272170466e-07 205.1184165
0.2 57666.19290661 1.999171084993e-06 3.892505266221e-07 205.3706896
0.2 57666.19568439 1.733722551108e-06 3.728011937694e-07 205.0434896
0.2 57666.19846217 2.011533027083e-06 3.921178314831e-07 205.0671746
0.2 57666.20123994 1.912373143223e-06 3.83646318026e-07 205.2142501
0.2 57666.20401772 2.49809673925e-06 4.368895648692e-07 205.3540969
0.2 57666.2067955 2.314147420175e-06 4.387363540467e-07 171.5941719
0.2 57666.20957328 2.938329714756e-06 4.746057693403e-07 205.3342337
0.2 57666.21235106 3.325480126514e-06 5.064786038196e-07 205.087013
0.2 57666.21512883 1.879614891683e-06 3.857816045951e-07 205.3226702
0.2 57666.21790661 2.43260702207e-06 4.12697502526e-07 205.1588819
0.2 57666.22068439 2.90547044349e-06 4.723665965016e-07 205.3577117
0.2 57666.22346217 2.254126429471e-06 4.247543212658e-07 204.2020794
0.2 57666.22623994 1.77046638935e-06 3.982187715894e-07 175.2217898
0.2 57666.22901772 1.927499194254e-06 3.935308622426e-07 205.2106317
0.2 57666.2317955 2.811352244791e-06 4.788045376655e-07 205.4186974
0.2 57666.23457328 2.428539829723e-06 4.581658121223e-07 205.673298
0.2 57666.23735106 2.464802455194e-06 4.419635539343e-07 205.4922322
0.2 57666.24012883 3.081440987484e-06 4.753123363429e-07 205.6157316
0.2 57666.24290661 3.307410023745e-06 5.049053731577e-07 205.7335168
0.2 57666.24568439 3.121802671822e-06 4.741126810494e-07 205.4905527
0.2 57666.24846217 3.665592576176e-06 5.805832873654e-07 178.0166636
0.2 57666.25123994 3.288334628721e-06 5.091397829372e-07 205.4709072
0.2 57666.25401772 3.763916713076e-06 5.44445500929e-07 205.5548753
0.2 57666.2567955 2.916879806519e-06 4.9449506813e-07 205.5688662
0.2 57666.25957328 4.244027996842e-06 5.922424039161e-07 205.8973963
0.2 57666.26235106 3.692071231768e-06 5.40923766477e-07 206.0137741
0.2 57666.26512883 2.396988623688e-06 4.432264772018e-07 205.9657056
0.2 57666.26790661 1.17485771941e-06 3.143246875571e-07 206.1454253
0.2 57666.27068439 1.412226016199e-06 3.935888853016e-07 178.5316611
0.2 57666.27346217 1.688782486262e-06 3.880337237629e-07 203.5854878
0.2 57666.27623994 1.404628507373e-06 3.549020972938e-07 203.6483376
0.2 57666.27901772 1.300634014914e-06 3.528318206875e-07 203.6411188
0.2 57666.2817955 1.311725721993e-06 3.63081543328e-07 203.8739823
0.2 57666.28457328 1.248050014447e-06 3.326871474284e-07 204.0738524
0.2 57666.28735106 1.247354398e-06 3.644861356623e-07 204.0578907
0.2 57666.29012883 1.105420407372e-06 3.767420005654e-07 150.9168101
