input/papers/2003/2003ICRC....5.2615T/tev-000138-lc.ecsv
# %ECSV 0.9
# ---
# datatype:
# - {name: time, unit: MJD, datatype: float64}
# - {name: time_min, unit: MJD, datatype: float64}
# - {name: time_max, unit: MJD, datatype: float64}
# - {name: flux, unit: Crab, datatype: float32}
# - {name: flux_err, unit: Crab, datatype: float32}
# - {name: flux_ul, datatype: float32}
# meta: !!omap
# - COMMENT: [Mrk 421]
# - {data_type: lc}
# - {source_id: 138}
# - {telescope: HEGRA_CT1}
# - {reference_id: 2003ICRC....5.2615T}
time time_min time_max flux flux_err flux_ul
52412.2 52412.125 52412.2773 0.76 0.25 nan
52413.2 52413.1406 52413.2656 0.66 0.23 nan
52414.16 52414.1445 52414.1875 1.14 0.43 nan
52415.2 52415.168 52415.25 0.55 0.13 nan
52428.09 52428.0703 52428.1133 0.47 0.57 nan
52429.1 52429.0781 52429.1328 0.41 0.53 nan
52430.1 52430.082 52430.1289 1.17 0.65 nan
52431.17 52431.1133 52431.2383 0.12 0.12 nan
52432.18 52432.1172 52432.2578 0.31 0.14 nan
52433.18 52433.1094 52433.2617 0.36 0.15 nan
52434.2 52434.125 52434.2773 0.05 0.08 nan
52435.19 52435.1211 52435.2734 0.4 0.1 nan
52436.19 52436.1211 52436.2734 0.14 0.14 nan
52437.18 52437.1133 52437.2656 0.03 0.05 nan
52438.2 52438.1406 52438.2656 0.16 0.11 nan
52439.19 52439.1328 52439.2578 nan nan 0.61
52440.19 52440.1367 52440.2461 0.33 0.11 nan
52441.19 52441.1211 52441.2617 nan nan 0.39
52442.19 52442.1289 52442.2695 0.26 0.1 nan
52443.19 52443.1328 52443.2656 0.09 0.09 nan
52456.01 52456.0117 52456.0273 nan nan 1.12
52457.01 52456.9883 52457.0391 nan nan 1.09
52458.01 52457.9883 52458.0352 0.62 0.51 nan
52459.02 52459.0195 52459.0312 nan nan 0.73
52459.99 52459.9805 52460.0039 1.45 1.14 nan
52460.99 52460.9727 52461.0156 1.23 0.86 nan
52462.12 52462.082 52462.1719 0.43 0.12 nan
52463.04 52462.9961 52463.0859 nan nan 0.42
52464.03 52464.0117 52464.0664 0.11 0.18 nan
52465.06 52465.0195 52465.1016 0.16 0.13 nan
52466.05 52466.0195 52466.0898 0.2 0.15 nan
52467.01 52466.9961 52467.0391 0.43 0.32 nan
52468.01 52467.9922 52468.0469 nan nan 0.27
52469.03 52469.0195 52469.0469 0.86 0.41 nan
52470.18 52470.0977 52470.2734 0.62 0.11 nan
52471.18 52471.1016 52471.2773 0.14 0.08 nan
52472.12 52472.0859 52472.168 0.16 0.12 nan
52473.1 52473.0938 52473.1211 0.02 0.06 nan
52475.19 52475.1562 52475.2344 0.17 0.31 nan
52476.19 52476.1758 52476.2188 nan nan 2.36
52477.19 52477.1914 52477.207 nan nan 11.0
52482.92 52482.9141 52482.9414 1.43 1.53 nan
52488.01 52487.9766 52488.0586 0.02 0.03 nan
52489.02 52488.9805 52489.0625 nan nan 0.06
52490.06 52490.0078 52490.1172 0.02 0.1 nan
52491.07 52491.0117 52491.1367 0.02 0.06 nan
52492.08 52492.0234 52492.1484 0.29 0.12 nan
52493.11 52493.0078 52493.2148 0.45 0.12 nan
52494.09 52494.0156 52494.168 0.25 0.14 nan
52495.07 52495.0273 52495.125 0.32 0.13 nan
52497.0 52496.9727 52497.043 0.1 0.13 nan
52498.07 52498.0234 52498.1211 0.06 0.08 nan
52499.08 52499.0391 52499.1367 0.12 0.17 nan
52500.1 52500.0664 52500.1367 0.1 0.14 nan
52501.1 52501.0859 52501.125 nan nan 1.38
52502.1 52502.082 52502.125 nan nan 1.01
52504.11 52504.1055 52504.1211 1.02 2.21 nan
52513.93 52513.9102 52513.9648 0.15 0.16 nan
52514.96 52514.9414 52514.9844 0.34 0.17 nan
52515.99 52515.9766 52516.0039 0.05 0.27 nan
52518.02 52517.9961 52518.0508 0.11 0.16 nan
52519.06 52519.0 52519.125 nan nan 0.05
52519.9 52519.8984 52519.9141 nan nan 0.38
52521.01 52520.9648 52521.0742 0.36 0.13 nan
52522.05 52521.9648 52522.1445 0.16 0.06 nan
52523.04 52522.9648 52523.1172 0.15 0.08 nan
52525.08 52524.9766 52525.1836 0.02 0.05 nan
52526.03 52525.9883 52526.0859 nan nan 0.09
52527.02 52526.9648 52527.0898 0.2 0.12 nan
52528.01 52527.957 52528.082 0.23 0.12 nan
52529.01 52528.9648 52529.0625 nan nan 0.06
52530.03 52530.0039 52530.0586 nan nan 0.5
52576.95 52576.9297 52576.9727 0.1 0.92 nan
52577.93 52577.9023 52577.9727 nan nan 1.31
52578.93 52578.8867 52578.9766 0.66 0.39 nan
52579.94 52579.918 52579.9727 nan nan 1.56
52580.89 52580.875 52580.918 0.14 0.35 nan
52581.89 52581.8633 52581.9258 0.55 0.36 nan
52582.92 52582.8906 52582.9531 nan nan 3.33
52583.88 52583.8711 52583.9023 nan nan 1.71
52584.88 52584.8633 52584.9023 nan nan 1.06
