output/data/2012/2012ApJ...746..151A/tev-000058-lc.ecsv
# %ECSV 0.9
# ---
# datatype:
# - {name: time, unit: MJD, datatype: float64}
# - {name: livetime, unit: d, datatype: float64}
# - {name: e_min, unit: TeV, datatype: float64}
# - {name: flux, unit: 1 / (cm2 s), datatype: float64}
# - {name: flux_err, unit: 1 / (cm2 s), datatype: float64}
# meta: !!omap
# - {data_type: lc}
# - {source_id: 58}
# - {reference_id: 2012ApJ...746..151A}
# - {telescope: 'veritas, magic, hess'}
# - {SED_TYPE: flux}
# schema: astropy-2.0
time livetime e_min flux flux_err
53114.0 0.0202597 0.35 2.80811e-12 1.52328e-12
53114.9 0.0411745 0.35 1.85511e-12 1.02283e-12
53115.9 0.0845801 0.35 -2.1499e-13 8.0916e-13
53116.9 0.0831771 0.35 1.35695e-12 7.24403e-13
53117.9 0.0529844 0.35 -1.40126e-13 1.06938e-12
53118.9 0.031575 0.35 1.03533e-12 1.3421e-12
53120.9 0.0219683 0.35 2.70594e-13 1.26181e-12
53133.8 0.041091 0.35 1.32804e-13 9.29238e-13
53135.8 0.0411986 0.35 -1.00302e-13 9.63951e-13
53136.8 0.0421149 0.35 6.91433e-13 9.69898e-13
53138.8 0.0201968 0.35 1.33118e-13 1.37352e-12
53139.8 0.0201986 0.35 2.91263e-12 1.41319e-12
53141.8 0.041182 0.35 8.02026e-13 8.69873e-13
53142.9 0.0436525 0.35 1.46269e-12 1.14239e-12
53145.8 0.020222 0.35 4.26774e-14 9.88191e-13
53146.8 0.0449891 0.35 -5.82202e-13 8.08574e-13
53412.1 0.032 0.35 1.95936e-12 1.54669e-12
53413.1 0.019 0.35 6.46186e-13 1.85249e-12
53414.1 0.0205 0.35 -4.08254e-13 1.43045e-12
53437.1 0.0205 0.35 1.41381e-11 3.86151e-12
53438.1 0.02 0.35 4.72223e-13 4.5168e-12
53439.1 0.0575 0.35 8.31851e-12 2.24904e-12
53440.1 0.03 0.35 6.12902e-12 2.46617e-12
53441.1 0.031 0.35 2.67316e-12 2.10758e-12
53443.1 0.0425 0.35 1.28847e-12 1.77344e-12
53444.1 0.01 0.35 1.2193e-12 5.47633e-12
53457.1 13.025 0.35 7.7e-13 6.9e-13
53461.9 0.0095 0.35 9.22603e-12 5.53354e-12
53463.0 0.005 0.35 6.95333e-12 5.18769e-12
53463.9 0.0095 0.35 3.03981e-12 3.97333e-12
53464.9 0.0095 0.35 1.83871e-12 3.13862e-12
53490.9 0.037 0.35 7.91025e-12 2.24514e-12
53491.9 0.0415 0.35 8.2301e-12 1.87979e-12
53493.9 0.042 0.35 1.87251e-12 1.23152e-12
53494.9 0.042 0.35 -3.14122e-13 9.83971e-13
53498.4 0.5 0.35 1.94e-12 1.9e-12
53501.8 0.0205 0.35 9.50427e-13 1.29159e-12
53504.9 0.0205 0.35 -1.36856e-12 1.59297e-12
53734.7 0.545 0.35 5.1e-13 5.2e-13
53751.7 14.5 0.35 9.2e-13 4.5e-13
53780.6 12.51 0.35 1.48e-12 4.7e-13
53810.6 13.505 0.35 5.7e-13 3.9e-13
53827.5 0.54 0.35 1.27e-12 1.11e-12
53846.9 0.00979845 0.35 7.81732e-13 2.31577e-12
53848.9 0.0203173 0.35 2.0498e-12 1.62215e-12
53849.9 0.00979698 0.35 3.18769e-12 2.45031e-12
53871.8 0.0301506 0.35 -3.47265e-13 1.18804e-12
53880.9 2.01 0.35 5.7e-13 5.9e-13
54095.7 4.55 0.35 1.12e-12 3.8e-13
54143.4 0.0190596 0.35 -4.94291e-13 1.75146e-12
54146.4 0.0759871 0.35 2.19995e-12 9.55246e-13
54147.2 3.08 0.35 1.31e-12 3.9e-13
54147.4 0.0299018 0.35 1.55608e-12 1.52533e-12
54148.4 0.0630447 0.35 2.71509e-12 1.234e-12
54152.4 0.0527699 0.35 1.1922e-12 1.12923e-12
54153.3 0.00695729 0.35 4.48041e-12 3.85051e-12
54154.4 0.0606632 0.35 7.82595e-13 1.05576e-12
54156.4 0.0447394 0.35 9.8317e-13 1.28667e-12
54171.3 0.0730875 0.35 2.76168e-13 9.43728e-13
54172.3 0.0593131 0.35 2.97383e-13 1.08423e-12
54173.4 0.0919763 0.35 2.62312e-12 1.02285e-12
54174.3 0.0290411 0.35 7.87099e-14 1.48881e-12
54175.3 0.0299725 0.35 6.20022e-12 2.01282e-12
54176.3 0.0295554 0.35 8.97394e-13 1.51616e-12
54177.3 0.0596085 0.35 2.14623e-13 1.07683e-12
54178.3 0.0296551 0.35 5.23386e-12 1.94712e-12
54179.3 0.0325262 0.35 9.14636e-13 1.51983e-12
54198.3 0.014264 0.35 2.25238e-12 2.21595e-12
54201.2 0.0363682 0.35 1.06486e-13 1.1587e-12
54201.5 4.58 0.35 1.49e-12 5.9e-13
54204.2 0.0520907 0.35 1.23936e-12 1.29916e-12
54205.2 0.0289061 0.35 3.98673e-12 1.81359e-12
54208.3 0.0298616 0.35 2.23809e-12 1.82263e-12
54234.0 6.0 0.35 7.8e-13 7.2e-13
54448.5 0.0219403 0.35 -2.16822e-12 1.47747e-12
54453.5 0.0219782 0.35 -1.17384e-12 1.65285e-12
54468.2 0.021885 0.35 3.74239e-12 2.10217e-12
54469.1 0.01893 0.35 2.92317e-12 2.63307e-12
54470.1 0.01316 0.35 5.13994e-12 3.17682e-12
54474.5 0.0508576 0.35 1.79232e-12 1.42502e-12
54476.5 0.0345835 0.35 -1.06238e-12 1.84592e-12
54477.5 0.0296344 0.35 1.84491e-12 1.62382e-12
54479.5 0.0344769 0.35 1.23725e-12 1.64537e-12
54480.5 0.0289845 0.35 -1.1201e-12 1.76195e-12
54495.2 0.0329 0.35 3.77542e-12 2.29372e-12
54497.2 0.03585 0.35 1.67551e-11 2.51941e-12
54498.2 0.0402 0.35 6.10724e-12 1.85968e-12
54498.4 0.0815021 0.35 2.56973e-12 1.13643e-12
54499.0 0.0202881 0.35 2.64049e-12 4.55879e-12
54499.5 0.0749591 0.35 2.22714e-12 1.19734e-12
54500.2 0.0411 0.35 4.64904e-12 1.80815e-12
54501.0 0.0341854 0.35 2.84838e-12 1.95724e-12
54501.2 0.0179 0.35 9.52867e-12 3.05974e-12
54502.2 0.02325 0.35 -1.21475e-12 2.00043e-12
54503.2 0.00565 0.35 -6.11005e-12 4.15736e-12
54503.5 0.0362273 0.35 1.6031e-12 1.68244e-12
54504.2 0.0243 0.35 1.29478e-11 3.05372e-12
54505.4 0.0434944 0.35 4.41971e-12 1.6358e-12
54506.4 0.0629497 0.35 5.618e-12 1.89745e-12
54507.2 0.04325 0.35 6.71495e-12 1.9742e-12
54508.4 0.0231721 0.35 9.64775e-12 2.65859e-12
54509.4 0.0215445 0.35 3.88874e-12 2.27008e-12
54523.1 0.05279 0.35 5.35264e-13 7.87888e-13
54525.1 0.01034 0.35 -3.23001e-12 2.13645e-12
54526.0 0.00449 0.35 -3.54241e-12 4.4279e-12
54527.0 0.0103 0.35 -1.14091e-12 2.34298e-12
54527.4 0.0214142 0.35 1.96155e-12 2.14505e-12
54528.4 0.0362221 0.35 1.26953e-12 1.58312e-12
54529.4 0.0367163 0.35 -6.23643e-13 1.36912e-12
54530.4 0.0382656 0.35 2.96752e-12 1.6577e-12
54534.0 0.0517915 0.35 -6.99815e-13 1.25516e-12
54536.4 0.0433593 0.35 -1.49693e-12 1.13236e-12
54537.3 0.00695859 0.35 2.26044e-13 3.17415e-12
54538.8 0.023095 0.35 -2.17255e-13 1.38489e-12
54539.8 0.024455 0.35 1.63005e-12 1.43374e-12
54552.9 0.00541 0.35 3.29263e-12 3.52872e-12
54556.3 0.021459 0.35 -1.24836e-12 1.52493e-12
54557.4 0.0380517 0.35 -3.27981e-13 1.55585e-12
54557.8 0.021145 0.35 -2.43403e-12 2.72713e-12
54559.9 0.0482458 0.35 1.76685e-12 1.08619e-12
54560.3 0.0481 0.35 8.635e-13 1.33927e-12
54562.9 0.0519638 0.35 -7.16397e-13 9.43204e-13
54563.3 0.0425152 0.35 1.23336e-12 1.64336e-12
54567.9 0.035385 0.35 5.21669e-13 1.26975e-12
54568.4 0.00695917 0.35 -7.67155e-13 2.76837e-12
54587.9 0.0412823 0.35 1.82499e-12 1.32705e-12
54590.9 0.0611043 0.35 8.50989e-13 1.14367e-12
54593.8 0.0203166 0.35 1.24865e-13 1.58418e-12
54833.5 0.01 0.35 9.6936e-13 1.07807e-12
54858.5 0.01 0.35 -5.14704e-13 6.78521e-13
54861.5 0.01 0.35 -5.47578e-13 6.13045e-13
54867.5 0.01 0.35 6.89241e-13 1.0477e-12
54868.5 0.01 0.35 1.04915e-12 1.57825e-12
54882.5 0.01 0.35 1.05738e-12 9.97889e-13
54888.5 0.01 0.35 1.82591e-12 1.27641e-12
54914.5 0.01 0.35 1.26479e-12 8.61524e-13
54917.5 0.01 0.35 5.85847e-13 8.40294e-13
54922.5 0.01 0.35 1.06768e-12 6.51134e-13
54940.5 0.01 0.35 8.84837e-13 8.68717e-13
54942.5 0.01 0.35 1.20482e-12 8.0872e-13
54945.5 0.01 0.35 1.94482e-12 9.25867e-13
54948.5 0.01 0.35 1.49632e-12 8.28883e-13
54965.5 0.01 0.35 3.81936e-13 6.60468e-13
54968.5 0.01 0.35 7.47203e-13 6.9228e-13
54974.5 0.01 0.35 3.42694e-12 1.62276e-12
54975.5 0.01 0.35 -1.23627e-12 1.01837e-12
54976.5 0.01 0.35 -1.57199e-12 1.07011e-12
55181.5 0.009 0.35 4.049e-12 2.381e-12
55207.2 0.015675 0.35 2.53e-12 2.564e-12
55211.5 0.014 0.35 5.076e-13 1.068e-12
55221.5 0.014 0.35 5.024e-13 2.087e-12
55234.3 0.016255 0.35 -9.127e-13 1.194e-12
55236.1 0.068715 0.35 8.807e-12 1.603e-12
55238.2 0.03936 0.35 1.926e-12 2.511e-12
55239.1 0.00977209 0.35 4.56732e-12 3.13086e-12
55239.2 0.05527 0.35 5.136e-12 1.932e-12
55239.4 0.045 0.35 2.044e-12 1.709e-12
55240.1 0.01613 0.35 9.411e-13 1.647e-12
55240.4 0.051 0.35 1.823e-12 9.122e-13
55241.4 0.022 0.35 2.19e-12 1.119e-12
55242.4 0.029 0.35 3.549e-12 1.745e-12
55243.4 0.015 0.35 2.891e-12 1.373e-12
55265.3 0.015 0.35 1.762e-12 1.155e-12
55267.3 0.021 0.35 8.617e-13 1.053e-12
55268.2 0.020795 0.35 3.165e-12 2.239e-12
55270.3 0.021 0.35 0.0 1.436e-12
55273.3 0.014 0.35 1.794e-12 1.61e-12
55277.0 0.010475 0.35 1.351e-12 2.384e-12
55291.2 0.021 0.35 3.122e-12 1.552e-12
55292.1 0.03532 0.35 4.52e-12 2.016e-12
55292.2 0.015 0.35 5.438e-12 1.739e-12
55294.2 0.028 0.35 9.063e-12 1.832e-12
55295.1 0.037655 0.35 1.603e-11 2.604e-12
55295.3 0.104 0.35 1.409e-11 1.234e-12
55295.9 0.0415375 0.35 2.68094e-11 3.90175e-12
55296.3 0.167 0.35 1.344e-11 1.103e-12
55296.9 0.0414965 0.35 6.30229e-12 2.04123e-12
55297.1 0.04294 0.35 5.502e-12 2.371e-12
55297.3 0.14 0.35 5.278e-12 8.187e-13
55297.9 0.0415945 0.35 3.91948e-12 1.97579e-12
55298.0 0.065695 0.35 9.512e-13 1.351e-12
55298.2 0.037 0.35 5.607e-13 8.446e-13
55299.0 0.0204132 0.35 -1.19397e-12 2.21102e-12
55299.2 0.037 0.35 3.506e-12 1.031e-12
55300.2 0.037 0.35 2.696e-12 9.825e-13
55301.3 0.043 0.35 2.563e-12 8.999e-13
55303.2 0.022 0.35 1.521e-13 9.25e-13
55304.0 0.0310164 0.35 2.66452e-13 1.96718e-12
55304.0 0.05103 0.35 5.611e-13 2.158e-12
55304.3 0.023 0.35 -3.024e-13 5.758e-13
55321.9 0.0310531 0.35 3.73906e-12 1.75022e-12
55322.0 0.01521 0.35 -2.472e-13 2.193e-12
55322.2 0.022 0.35 6.55e-13 1.612e-12
55323.2 0.022 0.35 7.856e-13 8.787e-13
55325.2 0.029 0.35 1.81e-12 9.638e-13
55325.8 0.0203615 0.35 3.24753e-12 2.60704e-12
55327.2 0.015 0.35 2.994e-12 1.558e-12
55330.2 0.014 0.35 9.884e-13 1.386e-12
55332.3 0.014 0.35 1.624e-12 1.851e-12
55337.0 0.006935 0.35 2.044e-14 3.216e-12
55354.0 0.023605 0.35 5.278e-13 2.706e-12
55363.0 0.021375 0.35 3.633e-12 2.585e-12
