input/papers/no_paper/lightcurves/tev-000049/PhD_Martin_Kestel_MPI_Munich.ecsv
# %ECSV 0.9
# ---
# datatype:
# - {name: time, unit: MJD, datatype: float64}
# - {name: flux, unit: Crab, datatype: float32}
# - {name: flux_err, unit: Crab, datatype: float32}
# - {name: flux_ul, datatype: float32}
# meta: !!omap
# - COMMENT: [Mrk 421]
# - {data_type: lc}
# - {source_id: 49}
# - {telescope: HEGRA_CT1}
# - {reference_id: PhD_Martin_Kestel_MPI_Munich}
time flux flux_err flux_ul
51927.25 6.52 1.09 nan
51928.25 4.84 1.77 nan
51929.25 3.57 0.44 nan
51930.25 2.24 0.33 nan
51931.25 4.16 0.34 nan
51932.25 5.66 0.43 nan
51933.25 5.76 0.35 nan
51934.25 2.93 0.31 nan
51935.25 2.97 0.3 nan
51936.25 3.71 0.3 nan
51937.25 3.31 0.3 nan
51937.75 2.39 0.27 nan
51938.25 nan nan 4.88
51938.75 2.87 0.27 nan
51939.25 nan nan 5.02
51940.25 2.66 0.27 nan
51941.25 8.8 0.39 nan
51942.25 6.02 0.39 nan
51943.25 3.65 0.44 nan
51944.25 2.28 0.38 nan
51952.75 2.49 0.48 nan
51953.75 2.15 0.81 nan
51954.25 3.47 0.7 nan
51954.75 1.93 0.63 nan
51955.25 nan nan 1.96
51955.75 2.65 0.77 nan
51956.25 6.84 0.89 nan
51956.75 4.04 0.49 nan
51957.25 4.22 0.74 nan
51957.75 3.54 0.43 nan
51958.75 3.25 1.14 nan
51959.25 2.03 0.9 nan
51959.75 1.51 0.29 nan
51960.25 2.56 0.55 nan
51960.75 2.3 0.29 nan
51961.25 1.23 0.55 nan
51961.75 2.42 0.41 nan
51962.25 nan nan 2.39
51962.75 nan nan 1.2
51963.25 3.46 0.65 nan
51963.75 3.08 0.8 nan
51964.25 1.64 0.61 nan
51964.75 4.7 0.67 nan
51965.25 14.17 1.17 nan
51965.75 7.47 0.4 nan
51966.75 8.24 1.66 nan
51967.25 7.57 1.15 nan
51967.75 7.98 0.44 nan
51968.25 5.51 1.41 nan
51968.75 4.51 0.64 nan
51969.25 4.7 0.98 nan
51970.25 6.57 0.59 nan
51971.25 9.89 1.71 nan
51971.75 2.89 0.44 nan
51981.75 nan nan 3.84
51982.75 1.23 0.45 nan
51983.25 3.63 0.5 nan
51983.75 4.11 1.24 nan
51984.25 5.85 0.6 nan
51984.75 4.69 0.6 nan
51985.25 1.8 0.49 nan
51985.75 1.6 0.35 nan
51986.25 nan nan 1.73
51986.75 1.0 0.29 nan
51987.25 1.59 0.41 nan
51987.75 1.31 0.3 nan
51988.25 2.83 0.41 nan
51988.75 1.77 0.35 nan
51989.25 9.23 0.63 nan
51989.75 5.66 0.44 nan
51990.25 4.34 0.47 nan
51990.75 3.53 0.43 nan
51991.25 2.98 0.47 nan
51991.75 6.23 0.42 nan
51992.25 9.37 0.62 nan
51992.75 7.66 0.51 nan
51993.25 5.87 0.53 nan
51993.75 4.04 0.47 nan
51994.25 9.31 0.65 nan
51994.75 5.88 0.49 nan
51995.25 6.36 0.64 nan
51995.75 6.07 0.83 nan
51996.75 10.26 1.67 nan
51997.25 9.25 1.19 nan
51998.25 6.92 0.48 nan
51999.25 1.73 0.33 nan
52000.25 3.06 0.51 nan
52001.25 nan nan 2.97
52010.75 2.16 1.04 nan
52011.75 2.31 0.4 nan
52012.25 0.99 0.39 nan
52012.75 2.14 0.96 nan
52013.25 1.63 0.35 nan
52013.75 1.63 0.44 nan
52014.25 nan nan 1.32
52014.75 nan nan 2.19
52015.25 1.07 0.46 nan
52015.75 nan nan 2.88
52016.25 1.58 0.54 nan
52016.75 1.26 0.46 nan
52017.25 1.16 0.44 nan
52018.25 1.69 0.64 nan
52020.25 nan nan 2.46
52020.75 nan nan 2.57
52021.75 nan nan 3.88
52022.25 2.17 1.0 nan
52023.25 nan nan 2.08
52025.25 nan nan 0.98
52026.25 nan nan 1.96
52026.75 nan nan 1.81
52039.75 nan nan 2.27
52040.75 nan nan 1.79
50426.232657 nan nan 0.85
50430.216828 nan nan 0.39
50456.16984 nan nan 0.66
50457.16996 nan nan 0.64
50458.93501 nan nan 0.55
50463.93501 nan nan 0.54
50464.93501 nan nan 0.54
50465.93501 nan nan 0.87
50466.93501 0.35 0.3 nan
50479.93501 nan nan 2.73
50480.93501 nan nan 0.68
50482.93501 nan nan 4.22
50483.93501 nan nan 0.5
50485.93501 0.35 0.16 nan
50486.93501 0.39 0.19 nan
50487.93501 nan nan 0.83
50491.93501 0.35 0.2 nan
50494.93501 nan nan 0.73
50495.93501 nan nan 1.42
50496.93501 nan nan 0.82
50506.94498 nan nan 0.85
50507.96651 0.38 0.33 nan
50509.00105 0.21 0.2 nan
50509.98415 nan nan 0.21
50511.01351 0.27 0.17 nan
50512.01949 nan nan 1.15
50514.06741 nan nan 0.44
50515.03106 nan nan 0.8
50515.98669 0.38 0.19 nan
50517.00757 nan nan 0.66
50518.00646 nan nan 0.59
50519.03384 0.7 0.35 nan
50520.03994 nan nan 0.52
50521.06368 nan nan 1.4
50534.936 nan nan 0.72
50535.9399 nan nan 0.73
50538.0019 nan nan 0.17
50538.9648 nan nan 0.59
50544.9837 0.45 0.28 nan
50545.9322 nan nan 0.45
50546.9753 0.46 0.44 nan
50834.15 0.77 0.39 nan
50835.09 0.53 0.38 nan
50835.1 0.72 0.39 nan
50835.16 0.66 0.31 nan
50836.12 0.26 0.23 nan
50836.21 nan nan 0.71
50837.14 nan nan 0.45
50837.22 0.37 0.25 nan
50838.17 0.59 0.26 nan
50860.16 nan nan 1.0
50860.98 nan nan 0.56
50862.24 nan nan 0.31
50863.11 0.3 0.15 nan
50864.1 nan nan 0.26
50865.08 0.29 0.12 nan
50866.08 0.15 0.12 nan
50867.07 0.19 0.12 nan
50869.07 0.26 0.13 nan
50870.04 nan nan 0.55
50872.06 nan nan 0.36
50873.05 nan nan 0.34
50874.05 nan nan 0.33
50875.09 nan nan 0.4
50876.09 nan nan 0.19
50892.06 0.59 0.27 nan
50893.08 0.29 0.23 nan
50896.04 0.32 0.16 nan
50900.09 nan nan 0.46
50900.98 0.76 0.39 nan
50901.99 0.44 0.26 nan
50903.04 0.31 0.14 nan
50904.01 0.4 0.17 nan
50905.03 0.38 0.2 nan
50906.01 nan nan 0.69
50907.04 0.57 0.28 nan
50908.07 nan nan 1.9
50918.95 1.78 0.49 nan
50920.98 1.34 0.23 nan
50921.09 0.65 0.36 nan
50921.98 0.5 0.15 nan
50922.88 nan nan 1.31
50922.98 0.32 0.13 nan
50923.97 0.45 0.15 nan
50924.97 0.27 0.15 nan
50926.0 0.35 0.13 nan
50926.97 0.3 0.13 nan
50927.97 0.65 0.15 nan
50928.96 0.55 0.17 nan
50929.96 0.77 0.15 nan
50930.96 0.8 0.16 nan
50931.97 0.73 0.53 nan
50934.04 0.22 0.15 nan
50934.98 2.46 0.61 nan
50935.02 0.87 0.33 nan
50935.99 0.35 0.31 nan
50937.03 nan nan 0.88
50937.95 nan nan 1.31
50946.9 0.69 0.6 nan
50947.93 nan nan 0.51
50947.99 nan nan 2.22
50948.95 0.26 0.16 nan
50949.91 nan nan 0.56
50954.92 nan nan 0.45
50955.92 0.24 0.19 nan
50956.92 nan nan 0.3
50958.92 nan nan -0.03
50960.97 0.17 0.15 nan
50964.91 0.8 0.44 nan
50965.91 nan nan 1.23
50967.91 nan nan 0.68
50968.91 nan nan 1.13
50969.91 nan nan 1.32
50977.93 nan nan 0.04
50980.91 nan nan 1.35
50981.92 0.22 0.21 nan
50985.91 nan nan 0.47
51132.2203 nan nan 0.89
51133.2174 nan nan 0.61
51135.2207 0.32 0.19 nan
51136.2226 0.23 0.17 nan
51137.2212 nan nan 0.68
51138.2185 nan nan 0.51
51139.2235 0.25 0.24 nan
51140.2351 nan nan 0.46
51141.2278 0.14 0.14 nan
51142.2258 nan nan 0.38
51143.2245 0.56 0.2 nan
51144.2319 0.17 0.15 nan
51145.2003 0.17 0.08 nan
51146.1969 nan nan 0.28
51162.2127 0.35 0.14 nan
51163.2114 0.2 0.11 nan
51164.2142 0.42 0.15 nan
51165.2152 0.18 0.14 nan
51166.2172 1.3 0.19 nan
51168.1883 0.38 0.11 nan
51171.1509 0.61 0.16 nan
51172.1479 0.32 0.14 nan
51174.1921 0.22 0.11 nan
51175.21 nan nan 0.42
51196.2287 nan nan 0.55
51197.1815 nan nan 0.12
51198.1796 0.11 0.09 nan
51199.1751 nan nan 0.12
51201.101 nan nan 0.38
51202.1764 nan nan 0.27
51203.2149 0.22 0.16 nan
51204.1405 nan nan 0.84
51219.1109 nan nan 0.25
51220.1172 nan nan 0.23
51221.118 nan nan 0.46
51222.1069 nan nan 0.33
51223.1034 nan nan 0.39
51226.1006 nan nan 0.11
51227.0937 0.13 0.11 nan
51228.0926 nan nan 0.42
51229.0822 nan nan 0.38
51230.0853 nan nan 0.43
51231.0869 nan nan 0.22
51243.9556 nan nan 0.47
51253.9865 0.26 0.17 nan
51254.9828 nan nan 0.54
51256.9777 nan nan 0.37
51258.9751 0.19 0.15 nan
51276.0157 0.26 0.15 nan
51277.0223 nan nan 0.33
51278.0167 nan nan 0.19
51279.0195 nan nan 0.32
51280.0204 0.2 0.16 nan
51281.0064 0.18 0.16 nan
51283.0058 0.39 0.18 nan
51284.9985 0.35 0.16 nan
51285.9941 0.52 0.22 nan
51286.9922 nan nan 0.46
51287.9911 0.61 0.16 nan
51288.9858 nan nan 0.26
51289.9994 nan nan 0.46
51301.9131 0.28 0.15 nan
51302.9258 0.16 0.15 nan
51303.9357 nan nan 0.28
51304.9265 nan nan 0.53
51305.94 nan nan 0.39
51306.9175 nan nan 0.55
51307.9194 nan nan 0.35
51308.9105 nan nan 0.55
51309.9094 nan nan 0.45
51313.9056 0.28 0.18 nan
51314.9066 nan nan 0.59
51315.9108 nan nan 0.44
51491.2377 nan nan 1.89
51492.2297 nan nan 1.35
51494.2377 nan nan 1.25
51522.2368 nan nan 0.45
51524.2351 nan nan 0.18
51526.2499 nan nan 0.11
51528.1692 nan nan 0.7
51529.2185 nan nan 0.19
51530.2139 nan nan 0.24
51531.2336 nan nan 0.13
