input/papers/no_paper/lightcurves/tev-000049/PhD_Martin_Kestel_MPI_Munich.ecsv
# %ECSV 0.9
# ---
# datatype:
# - {name: time, unit: MJD, datatype: float64}
# - {name: flux, unit: Crab, datatype: float32}
# - {name: flux_err, unit: Crab, datatype: float32}
# meta: !!omap
# - COMMENT: [Mrk 421]
# - {data_type: lc}
# - {source_id: 49}
# - {telescope: HEGRA_CT1}
# - {reference_id: PhD_Martin_Kestel_MPI_Munich}
time flux flux_err
51927.25 6.52 1.09
51928.25 4.84 1.77
51929.25 3.57 0.44
51930.25 2.24 0.33
51931.25 4.16 0.34
51932.25 5.66 0.43
51933.25 5.76 0.35
51934.25 2.93 0.31
51935.25 2.97 0.3
51936.25 3.71 0.3
51937.25 3.31 0.3
51937.75 2.39 0.27
51938.25 4.88 nan
51938.75 2.87 0.27
51939.25 5.02 nan
51940.25 2.66 0.27
51941.25 8.8 0.39
51942.25 6.02 0.39
51943.25 3.65 0.44
51944.25 2.28 0.38
51952.75 2.49 0.48
51953.75 2.15 0.81
51954.25 3.47 0.7
51954.75 1.93 0.63
51955.25 1.96 nan
51955.75 2.65 0.77
51956.25 6.84 0.89
51956.75 4.04 0.49
51957.25 4.22 0.74
51957.75 3.54 0.43
51958.75 3.25 1.14
51959.25 2.03 0.9
51959.75 1.51 0.29
51960.25 2.56 0.55
51960.75 2.3 0.29
51961.25 1.23 0.55
51961.75 2.42 0.41
51962.25 2.39 nan
51962.75 1.2 nan
51963.25 3.46 0.65
51963.75 3.08 0.8
51964.25 1.64 0.61
51964.75 4.7 0.67
51965.25 14.17 1.17
51965.75 7.47 0.4
51966.75 8.24 1.66
51967.25 7.57 1.15
51967.75 7.98 0.44
51968.25 5.51 1.41
51968.75 4.51 0.64
51969.25 4.7 0.98
51970.25 6.57 0.59
51971.25 9.89 1.71
51971.75 2.89 0.44
51981.75 3.84 nan
51982.75 1.23 0.45
51983.25 3.63 0.5
51983.75 4.11 1.24
51984.25 5.85 0.6
51984.75 4.69 0.6
51985.25 1.8 0.49
51985.75 1.6 0.35
51986.25 1.73 nan
51986.75 1.0 0.29
51987.25 1.59 0.41
51987.75 1.31 0.3
51988.25 2.83 0.41
51988.75 1.77 0.35
51989.25 9.23 0.63
51989.75 5.66 0.44
51990.25 4.34 0.47
51990.75 3.53 0.43
51991.25 2.98 0.47
51991.75 6.23 0.42
51992.25 9.37 0.62
51992.75 7.66 0.51
51993.25 5.87 0.53
51993.75 4.04 0.47
51994.25 9.31 0.65
51994.75 5.88 0.49
51995.25 6.36 0.64
51995.75 6.07 0.83
51996.75 10.26 1.67
51997.25 9.25 1.19
51998.25 6.92 0.48
51999.25 1.73 0.33
52000.25 3.06 0.51
52001.25 2.97 nan
52010.75 2.16 1.04
52011.75 2.31 0.4
52012.25 0.99 0.39
52012.75 2.14 0.96
52013.25 1.63 0.35
52013.75 1.63 0.44
52014.25 1.32 nan
52014.75 2.19 nan
52015.25 1.07 0.46
52015.75 2.88 nan
52016.25 1.58 0.54
52016.75 1.26 0.46
52017.25 1.16 0.44
52018.25 1.69 0.64
52020.25 2.46 nan
52020.75 2.57 nan
52021.75 3.88 nan
52022.25 2.17 1.0
52023.25 2.08 nan
52025.25 0.98 nan
52026.25 1.96 nan
52026.75 1.81 nan
52039.75 2.27 nan
52040.75 1.79 nan
50426.232657 0.85 nan
50430.216828 0.39 nan
50456.16984 0.66 nan
50457.16996 0.64 nan
50458.93501 0.55 nan
50463.93501 0.54 nan
50464.93501 0.54 nan
50465.93501 0.87 nan
50466.93501 0.35 0.3
50479.93501 2.73 nan
50480.93501 0.68 nan
50482.93501 4.22 nan
50483.93501 0.5 nan
50485.93501 0.35 0.16
50486.93501 0.39 0.19
50487.93501 0.83 nan
50491.93501 0.35 0.2
50494.93501 0.73 nan
50495.93501 1.42 nan
50496.93501 0.82 nan
50506.94498 0.85 nan
50507.96651 0.38 0.33
50509.00105 0.21 0.2
50509.98415 0.21 nan
50511.01351 0.27 0.17
50512.01949 1.15 nan
50514.06741 0.44 nan
50515.03106 0.8 nan
50515.98669 0.38 0.19
50517.00757 0.66 nan
50518.00646 0.59 nan
50519.03384 0.7 0.35
50520.03994 0.52 nan
50521.06368 1.4 nan
50534.936 0.72 nan
50535.9399 0.73 nan
50538.0019 0.17 nan
50538.9648 0.59 nan
50544.9837 0.45 0.28
50545.9322 0.45 nan
50546.9753 0.46 0.44
50834.15 0.77 0.39
50835.09 0.53 0.38
50835.1 0.72 0.39
50835.16 0.66 0.31
50836.12 0.26 0.23
50836.21 0.71 nan
50837.14 0.45 nan
50837.22 0.37 0.25
50838.17 0.59 0.26
50860.16 1.0 nan
50860.98 0.56 nan
50862.24 0.31 nan
50863.11 0.3 0.15
50864.1 0.26 nan
50865.08 0.29 0.12
50866.08 0.15 0.12
50867.07 0.19 0.12
50869.07 0.26 0.13
50870.04 0.55 nan
50872.06 0.36 nan
50873.05 0.34 nan
50874.05 0.33 nan
50875.09 0.4 nan
50876.09 0.19 nan
50892.06 0.59 0.27
50893.08 0.29 0.23
50896.04 0.32 0.16
50900.09 0.46 nan
50900.98 0.76 0.39
50901.99 0.44 0.26
50903.04 0.31 0.14
50904.01 0.4 0.17
50905.03 0.38 0.2
50906.01 0.69 nan
50907.04 0.57 0.28
50908.07 1.9 nan
50918.95 1.78 0.49
50920.98 1.34 0.23
50921.09 0.65 0.36
50921.98 0.5 0.15
50922.88 1.31 nan
50922.98 0.32 0.13
50923.97 0.45 0.15
50924.97 0.27 0.15
50926.0 0.35 0.13
50926.97 0.3 0.13
50927.97 0.65 0.15
50928.96 0.55 0.17
50929.96 0.77 0.15
50930.96 0.8 0.16
50931.97 0.73 0.53
50934.04 0.22 0.15
50934.98 2.46 0.61
50935.02 0.87 0.33
50935.99 0.35 0.31
50937.03 0.88 nan
50937.95 1.31 nan
50946.9 0.69 0.6
50947.93 0.51 nan
50947.99 2.22 nan
50948.95 0.26 0.16
50949.91 0.56 nan
50954.92 0.45 nan
50955.92 0.24 0.19
50956.92 0.3 nan
50958.92 -0.03 nan
50960.97 0.17 0.15
50964.91 0.8 0.44
50965.91 1.23 nan
50967.91 0.68 nan
50968.91 1.13 nan
50969.91 1.32 nan
50977.93 0.04 nan
50980.91 1.35 nan
50981.92 0.22 0.21
50985.91 0.47 nan
51132.2203 0.89 nan
51133.2174 0.61 nan
51135.2207 0.32 0.19
51136.2226 0.23 0.17
51137.2212 0.68 nan
51138.2185 0.51 nan
51139.2235 0.25 0.24
51140.2351 0.46 nan
51141.2278 0.14 0.14
51142.2258 0.38 nan
51143.2245 0.56 0.2
51144.2319 0.17 0.15
51145.2003 0.17 0.08
51146.1969 0.28 nan
51162.2127 0.35 0.14
51163.2114 0.2 0.11
51164.2142 0.42 0.15
51165.2152 0.18 0.14
51166.2172 1.3 0.19
51168.1883 0.38 0.11
51171.1509 0.61 0.16
51172.1479 0.32 0.14
51174.1921 0.22 0.11
51175.21 0.42 nan
51196.2287 0.55 nan
51197.1815 0.12 nan
51198.1796 0.11 0.09
51199.1751 0.12 nan
51201.101 0.38 nan
51202.1764 0.27 nan
51203.2149 0.22 0.16
51204.1405 0.84 nan
51219.1109 0.25 nan
51220.1172 0.23 nan
51221.118 0.46 nan
51222.1069 0.33 nan
51223.1034 0.39 nan
51226.1006 0.11 nan
51227.0937 0.13 0.11
51228.0926 0.42 nan
51229.0822 0.38 nan
51230.0853 0.43 nan
51231.0869 0.22 nan
51243.9556 0.47 nan
51253.9865 0.26 0.17
51254.9828 0.54 nan
51256.9777 0.37 nan
51258.9751 0.19 0.15
51276.0157 0.26 0.15
51277.0223 0.33 nan
51278.0167 0.19 nan
51279.0195 0.32 nan
51280.0204 0.2 0.16
51281.0064 0.18 0.16
51283.0058 0.39 0.18
51284.9985 0.35 0.16
51285.9941 0.52 0.22
51286.9922 0.46 nan
51287.9911 0.61 0.16
51288.9858 0.26 nan
51289.9994 0.46 nan
51301.9131 0.28 0.15
51302.9258 0.16 0.15
51303.9357 0.28 nan
51304.9265 0.53 nan
51305.94 0.39 nan
51306.9175 0.55 nan
51307.9194 0.35 nan
51308.9105 0.55 nan
51309.9094 0.45 nan
51313.9056 0.28 0.18
51314.9066 0.59 nan
51315.9108 0.44 nan
51491.2377 1.89 nan
51492.2297 1.35 nan
51494.2377 1.25 nan
51522.2368 0.45 nan
51524.2351 0.18 nan
51526.2499 0.11 nan
51528.1692 0.7 nan
51529.2185 0.19 nan
51530.2139 0.24 nan
51531.2336 0.13 nan
