input/data/2001/2001ApJ...546..898A/tev-000091-lc.ecsv
# %ECSV 0.9
# ---
# datatype:
# - {name: time, unit: MJD, datatype: float64}
# - {name: flux, unit: Crab, datatype: float32}
# - {name: flux_err, unit: Crab, datatype: float32}
# - {name: flux_ul, datatype: float32}
# meta: !!omap
# - {data_type: lc}
# - {source_id: 91}
# - {reference_id: 2001ApJ...546..898A}
# - {telescope: hegra}
# - {timesys: UTC}
time flux flux_err flux_ul
50872.25 0.8252 0.2597 nan
50875.23 0.5863 0.3381 nan
50878.23 1.0939 0.2419 nan
50880.23 1.0948 0.2303 nan
50902.2 0.1907 0.1428 nan
50903.18 0.2857 0.1471 nan
50904.2 0.1362 0.1744 nan
50905.2 0.6358 0.1952 nan
50906.21 0.5132 0.1668 nan
50907.19 0.5791 0.1438 nan
50908.18 0.2172 0.146 nan
50926.13 0.3034 0.2162 nan
50929.14 0.2194 0.1666 nan
50930.15 0.2343 0.1691 nan
50931.14 0.0583 0.1808 nan
50934.13 0.0874 0.2609 nan
50935.14 0.4607 0.1712 nan
50936.14 0.5236 0.1837 nan
50937.15 0.27 0.1775 nan
50938.18 0.5264 0.1874 nan
50952.05 0.3004 0.1788 nan
50953.07 0.3398 0.1439 nan
50954.09 0.5601 0.1411 nan
50956.07 0.1973 0.1231 nan
50963.06 0.1799 0.1712 nan
50964.04 0.2762 0.1783 nan
50966.11 0.1673 0.1286 nan
50967.11 0.3322 0.1875 nan
50969.14 0.0773 0.6002 nan
50980.98 0.101 0.1182 nan
50982.0 0.2546 0.1036 nan
50984.01 0.1661 0.0944 nan
50984.97 0.0622 0.1175 nan
50985.97 0.1171 0.1188 nan
50988.0 0.1213 0.1282 nan
50989.0 0.4536 0.1207 nan
50989.97 0.4772 0.1366 nan
50990.98 2.5941 0.2079 nan
50992.02 2.3356 0.1921 nan
50993.03 0.3888 0.1451 nan
50994.04 0.3615 0.1779 nan
51015.96 1.1051 0.1709 nan
51038.94 0.3437 0.3035 nan
51039.94 0.6712 0.3726 nan
51040.94 0.452 0.27 nan
51041.94 0.7154 0.3341 nan
51042.94 0.4599 0.5447 nan
51043.94 0.7461 0.6476 nan
51044.93 0.0677 0.602 nan
51049.9 0.5126 0.2969 nan
50923.09 nan nan 0.7512
50927.14 nan nan 0.4007
50928.13 nan nan 0.35
50955.08 nan nan 0.2504
50957.07 nan nan 0.2355
50958.09 nan nan 0.3105
50965.07 nan nan 0.4519
50978.98 nan nan 0.4401
50979.97 nan nan 0.3033
50982.99 nan nan 0.203
50996.07 nan nan 0.9813
51022.98 nan nan 0.6886
51228.26 0.1728 0.2448 nan
51229.26 1.049 0.3227 nan
51230.26 0.6933 0.2807 nan
51231.25 0.3636 0.2917 nan
51232.25 0.7323 0.3077 nan
51233.25 0.8761 0.3307 nan
51257.22 0.1718 0.1748 nan
51259.23 0.2597 0.1858 nan
51260.23 0.1189 0.2048 nan
51281.22 0.4356 0.2707 nan
51282.22 0.3886 0.2378 nan
51286.14 0.3616 0.1878 nan
51287.14 0.3556 0.1868 nan
51288.22 0.4396 0.3496 nan
51290.09 0.3686 0.2288 nan
51292.2 0.3037 0.1798 nan
51313.03 0.4495 0.2527 nan
51314.11 0.2128 0.0849 nan
51315.1 0.2228 0.0909 nan
51316.08 0.1079 0.1039 nan
51318.09 0.2987 0.1399 nan
51343.94 0.4036 0.2627 nan
51364.93 0.2308 0.1658 nan
