docs/data/lightcurve.ecsv
# %ECSV 0.9
# ---
# datatype:
# - {name: e_min, unit: TeV, datatype: float64}
# - {name: time, unit: MJD, datatype: float64}
# - {name: flux, unit: 1 / (m2 s), datatype: float64}
# - {name: flux_err, unit: 1 / (m2 s), datatype: float64}
# - {name: index, datatype: float64}
# - {name: index_err, datatype: float64}
# meta: !!omap
# - {data_type: lc}
# - {source_id: 49}
# - {reference_id: 2017ApJ...834....2A}
# - {file_id: 2}
# - {telescope: veritas}
# - {SED_TYPE: flux}
# - {comments: 10 min}
# schema: astropy-2.0
e_min time flux flux_err index index_err
0.56 56776.1420065 6.7298607689e-07 1.24541360388e-07 2.43033 0.172793
0.56 56776.1489509 5.31596191506e-07 1.10807269782e-07 2.68795 0.224772
0.56 56776.1558953 5.06933280309e-07 1.083817021e-07 2.3554 0.219267
0.56 56776.1628398 6.60203954472e-07 1.28487129309e-07 2.65669 0.218511
0.56 56776.1697842 4.68883780153e-07 1.06038085078e-07 2.99154 0.252447
0.56 56776.1767287 5.909984156e-07 1.2058221507e-07 2.67978 0.226292
0.56 56776.1836731 6.42230781309e-07 1.25800224142e-07 2.59799 0.173393
0.56 56776.1906176 5.88999993896e-07 1.19334375873e-07 2.69593 0.164072
0.56 56776.197562 7.00574340511e-07 1.27631144347e-07 2.74762 0.167637
0.56 56776.2045065 6.4145728922e-07 1.26273697694e-07 2.56251 0.249881
0.56 56776.2114509 8.46058809364e-07 1.43102945499e-07 2.77012 0.164537
0.56 56776.2183953 8.21645015212e-07 1.3914588989e-07 2.672 0.157965
0.56 56776.2253398 7.3848974554e-07 1.39467260036e-07 2.49346 0.205849
0.56 56776.2322842 6.26071854701e-07 1.26880218825e-07 2.71587 0.25216
0.56 56776.2392287 7.69264678452e-07 1.33005617495e-07 2.75552 0.211226
0.56 56776.2461731 1.02988512226e-06 1.60587733468e-07 2.58958 0.206756
0.56 56776.2531176 7.42303599469e-07 1.28539122205e-07 2.45124 0.215491
0.56 56776.260062 8.76929420415e-07 1.40175632195e-07 2.60291 0.213474
0.56 56776.2670065 6.27033552351e-07 1.15649145185e-07 2.56162 0.201031
0.56 56776.2739509 9.68900972956e-07 1.48533743518e-07 2.85054 0.361253
0.56 56776.2808953 5.09275042397e-07 1.08931475719e-07 2.59907 0.415576
0.56 56776.2878398 6.06208888705e-07 1.19397635124e-07 2.72294 0.284924
0.56 56776.2947842 6.36282906763e-07 1.30605154258e-07 2.82423 0.33762
0.56 56776.3017287 9.10321850791e-07 1.50205517111e-07 2.55941 0.697328
0.56 56776.3086731 8.03686277588e-07 1.60465667499e-07 3.46092 0.457507
0.56 56776.3156176 9.17933774884e-07 1.61696245069e-07 3.68536 0.671698
0.56 56776.322562 8.33576502969e-07 1.61615248141e-07 4.17001 0.965647
0.56 56780.1507007 2.79259221909e-06 3.31702529803e-07 2.33432 0.160595
0.56 56780.1576452 2.89004780189e-06 3.46826102316e-07 2.39124 0.166283
0.56 56780.1645896 3.56172256927e-06 3.97493879076e-07 2.52957 0.213371
0.56 56780.1715341 3.25934168912e-06 3.90307419775e-07 2.77247 0.177482
0.56 56780.1784785 2.44990023741e-06 3.17381047061e-07 2.70945 0.185981
0.56 56780.1854229 3.37712035012e-06 3.93708589381e-07 2.99776 0.199246
0.56 56780.1923674 2.91923880898e-06 3.85800034424e-07 2.68562 0.354697
0.56 56780.1993118 2.41478430293e-06 3.16519295483e-07 2.23607 0.228086
0.56 56780.2062563 3.01771372821e-06 3.84589590183e-07 3.06177 0.224187
0.56 56780.2132007 2.44449064838e-06 3.46660600828e-07 2.75121 0.213181
0.56 56780.2201452 2.71924653849e-06 3.76936323082e-07 2.62766 0.245502
0.56 56780.2270896 3.72398978363e-06 4.438533658e-07 2.75201 0.24625
0.56 56780.2340341 3.48755714938e-06 4.51669573e-07 2.95205 0.22447
0.56 56780.2409785 3.97623661078e-06 4.92093206278e-07 2.8989 0.257761
0.56 56780.2479229 2.51103929665e-06 3.6255573021e-07 2.85069 0.286657
