input/data/2002/2002A%26A...393...89A/tev-000049-lc.ecsv
# %ECSV 0.9
# ---
# datatype:
# - {name: time, unit: MJD, datatype: float64}
# - {name: flux, unit: Crab, datatype: float32}
# - {name: flux_err, unit: Crab, datatype: float32}
# - {name: flux_ul, unit: Crab, datatype: float32}
# meta: !!omap
# - {data_type: lc}
# - {source_id: 49}
# - {reference_id: 2002A&A...393...89A}
# - {telescope: hegra}
# - {timesys: UTC}
time flux flux_err flux_ul
51523.74024 nan nan 0.56
51527.74167 0.24 0.14 nan
51529.72511 nan nan 0.46
51530.73795 0.23 0.15 nan
51574.56166 1.31 0.39 nan
51576.69303 0.69 0.18 nan
51577.66339 0.48 0.12 nan
51578.71465 1.14 0.2 nan
51579.64447 1.35 0.14 nan
51580.64808 0.57 0.13 nan
51581.67746 1.43 0.17 nan
51582.66827 1.52 0.15 nan
51583.66558 0.65 0.14 nan
51584.66039 nan nan 0.55
51585.67266 0.85 0.14 nan
51586.67193 1.87 0.18 nan
51587.67931 0.3 0.14 nan
51588.69928 nan nan 0.55
51589.71782 0.66 0.29 nan
51606.55661 0.35 0.14 nan
51608.52117 nan nan 0.74
51609.5449 0.5 0.13 nan
51610.54724 nan nan 0.35
51611.52652 0.4 0.12 nan
51612.5237 nan nan 0.4
51613.52574 0.18 0.16 nan
51614.52097 nan nan 0.6
51615.54518 nan nan 0.79
51631.47844 nan nan 1.13
51632.5252 0.32 0.14 nan
51658.44648 0.24 0.1 nan
51659.4573 0.32 0.1 nan
51660.47556 0.42 0.16 nan
51661.47499 1.28 0.14 nan
51662.47006 2.2 0.2 nan
51663.48071 3.64 0.24 nan
51664.97538 1.95 0.2 nan
51666.44307 1.32 0.17 nan
51670.50478 nan nan 1.12
51671.45616 1.22 0.16 nan
51872.7375 1.18 0.27 nan
51873.70947 0.95 0.44 nan
51874.70669 1.36 0.29 nan
51877.71148 0.89 0.22 nan
51878.72035 1.28 0.52 nan
51879.71166 1.14 0.27 nan
51880.70975 0.22 0.17 nan
51881.71117 0.42 0.18 nan
51882.70805 0.81 0.19 nan
51883.71108 nan nan 0.6
51884.71722 1.16 0.44 nan
51906.71506 0.39 0.13 nan
51926.55848 1.2 0.42 nan
51927.63085 3.19 0.18 nan
51928.65426 1.88 0.14 nan
51929.65844 1.18 0.11 nan
51930.66035 2.33 0.13 nan
51931.68608 3.65 0.17 nan
51932.65002 3.67 0.19 nan
51933.65198 2.46 0.18 nan
51934.64745 1.67 0.14 nan
51935.6569 2.47 0.13 nan
51936.65108 2.26 0.13 nan
51937.64801 1.69 0.13 nan
51938.69227 1.59 0.16 nan
51939.64423 1.65 0.13 nan
51940.64951 5.58 0.19 nan
51941.66331 3.64 0.16 nan
51942.67832 2.84 0.16 nan
51943.70048 1.53 0.16 nan
51944.71486 1.93 0.19 nan
51945.74913 1.68 0.28 nan
51953.5031 1.08 0.51 nan
51954.53065 2.74 0.4 nan
51955.5175 1.38 0.42 nan
51956.59044 2.66 0.15 nan
51957.5875 2.65 0.14 nan
51958.5875 1.09 0.13 nan
51959.56909 1.13 0.12 nan
51960.58021 1.69 0.13 nan
51961.54985 1.08 0.13 nan
51962.56247 0.56 0.1 nan
51963.53171 1.63 0.15 nan
51964.54596 1.46 0.14 nan
51965.56379 6.09 0.23 nan
51966.48393 5.13 0.94 nan
51967.56902 6.37 0.22 nan
51969.10209 4.22 0.19 nan
51984.51465 4.55 0.29 nan
51985.52416 1.15 0.12 nan
51986.54395 0.28 0.09 nan
51987.55884 1.04 0.14 nan
51988.52723 1.01 0.11 nan
51989.55275 5.12 0.21 nan
51990.52095 2.78 0.15 nan
51991.5191 3.77 0.18 nan
51992.51447 7.15 0.22 nan
51993.52228 2.92 0.18 nan
51994.51368 5.23 0.19 nan
51995.48972 5.45 0.22 nan
51997.54191 6.44 0.3 nan
51998.56392 1.28 0.19 nan
51999.56313 2.95 0.35 nan
52014.47374 1.07 0.18 nan
52022.48517 1.32 0.29 nan
52023.4824 0.42 0.19 nan
52026.48464 nan nan 0.7
52039.40057 0.37 0.24 nan
52040.42129 0.4 0.16 nan
52041.40687 nan nan 0.52
52042.41885 0.27 0.14 nan
52043.42211 0.35 0.16 nan
52044.42431 0.47 0.15 nan
52047.4105 0.27 0.17 nan
52048.41142 0.21 0.15 nan
52050.40872 0.26 0.18 nan
52051.41641 0.61 0.18 nan
52052.43142 nan nan 1.43
52053.42457 0.74 0.25 nan
