input/data/1996/1996ApJ...472L...9B/tev-000049-lc.ecsv
# %ECSV 0.9
# ---
# datatype:
# - {name: time, unit: MJD, datatype: float64}
# - {name: time_min, unit: MJD, datatype: float64}
# - {name: time_max, unit: MJD, datatype: float64}
# - {name: flux, unit: Crab, datatype: float32}
# - {name: flux_err, unit: Crab, datatype: float32}
# - {name: flux_ul, datatype: float32}
# meta: !!omap
# - {data_type: lc}
# - {source_id: 49}
# - {telescope: Whipple}
# - {reference_id: 1996ApJ...472L...9B}
# - {timesys: UTC}
time time_min time_max flux flux_err flux_ul
49721.66885 49721.6272 49721.7105 0.16 0.07 nan
49727.30115 49727.2595 49727.3428 0.31 0.07 nan
49727.927 49727.8853 49727.9687 0.11 0.07 nan
49747.74445 49747.7028 49747.7861 0.35 0.07 nan
49748.57885 49748.5372 49748.6205 0.7 0.07 nan
49749.8305 49749.7888 49749.8722 0.55 0.07 nan
49750.66495 49750.6233 49750.7066 0.2 0.07 nan
49751.91655 49751.8749 49751.9582 0.19 0.07 nan
49752.95955 49752.9179 49753.0012 0.19 0.07 nan
49753.5854 49753.5437 49753.6271 0.22 0.07 nan
49754.41985 49754.3782 49754.4615 0.23 0.07 nan
49755.67145 49755.6298 49755.7131 0.21 0.07 nan
49756.50585 49756.4642 49756.5475 0.15 0.07 nan
49757.9661 49757.9244 49758.0078 0.13 0.07 nan
49758.5919 49758.5502 49758.6336 0.24 0.07 nan
49759.63495 49759.5933 49759.6766 0.32 0.07 nan
49774.2373 49774.1956 49774.279 0.18 0.07 nan
49775.2803 49775.2386 49775.322 0.4 0.07 nan
49775.90615 49775.8645 49775.9478 0.42 0.07 nan
49777.99215 49777.9505 49778.0338 0.44 0.07 nan
49780.91265 49780.871 49780.9543 0.29 0.07 nan
49782.5815 49782.5398 49782.6232 0.44 0.07 nan
49785.91915 49785.8775 49785.9608 0.13 0.07 nan
49798.43545 49798.3938 49798.4771 0.19 0.07 nan
49800.5215 49800.4798 49800.5632 0.14 0.07 nan
49801.14735 49801.1057 49801.189 0.28 0.07 nan
49803.02475 49802.9831 49803.0664 0.25 0.07 nan
49804.2764 49804.2347 49804.3181 0.14 0.07 nan
49805.52805 49805.4864 49805.5697 0.1 0.07 nan
49806.36245 49806.3208 49806.4041 0.29 0.07 nan
49807.8227 49807.781 49807.8644 nan nan 0.25
49809.0743 49809.0326 49809.116 nan nan 0.24
49810.11735 49810.0757 49810.159 nan nan 0.24
49811.16035 49811.1187 49811.202 0.16 0.07 nan
49812.8292 49812.7875 49812.8709 0.12 0.07 nan
49814.08085 49814.0392 49814.1225 0.21 0.07 nan
49815.12385 49815.0822 49815.1655 0.28 0.07 nan
49828.8918 49828.8501 49828.9335 0.17 0.07 nan
49829.309 49829.2673 49829.3507 0.3 0.07 nan
49830.76925 49830.7276 49830.8109 0.34 0.07 nan
49831.60365 49831.562 49831.6453 nan nan 0.24
49832.64665 49832.605 49832.6883 0.17 0.07 nan
49833.4811 49833.4394 49833.5228 0.47 0.07 nan
49834.52415 49834.4825 49834.5658 0.27 0.07 nan
49835.35855 49835.3169 49835.4002 0.25 0.07 nan
49836.61015 49836.5685 49836.6518 0.31 0.07 nan
49837.6532 49837.6115 49837.6949 0.29 0.07 nan
49838.4876 49838.4459 49838.5293 0.19 0.07 nan
49839.53065 49839.489 49839.5723 0.08 0.07 nan
49840.57365 49840.532 49840.6153 0.19 0.07 nan
49841.6167 49841.575 49841.6584 nan nan 0.26
49854.9674 49854.9257 49855.0091 0.07 0.07 nan
49856.01045 49855.9688 49856.0521 nan nan 0.2
49858.09645 49858.0548 49858.1381 nan nan 0.22
49859.1395 49859.0978 49859.1812 0.1 0.07 nan
49860.39115 49860.3495 49860.4328 nan nan 0.25
49862.05995 49862.0183 49862.1016 0.18 0.07 nan
49862.8944 49862.8527 49862.9361 nan nan 0.26
49864.14605 49864.1044 49864.1877 nan nan 0.18
49864.98045 49864.9388 49865.0221 nan nan 0.21
49866.23205 49866.1904 49866.2737 nan nan 0.23
49868.10955 49868.0679 49868.1512 nan nan 0.26
49869.15255 49869.1109 49869.1942 nan nan 0.22
