input/papers/2002/2002AA...393...89A/tev-000049-lc.ecsv
# %ECSV 0.9
# ---
# datatype:
# - {name: time, unit: MJD, datatype: float64}
# - {name: flux, unit: Crab, datatype: float32}
# - {name: flux_err, unit: Crab, datatype: float32}
# meta: !!omap
# - COMMENT: [Mrk 421]
# - {data_type: lc}
# - {source_id: 49}
# - {telescope: HEGRA_CT_System}
# - {reference_id: 2002A&A...393...89A}
time flux flux_err
51523.74024 0.56 nan
51527.74167 0.24 0.14
51529.72511 0.46 nan
51530.73795 0.23 0.15
51574.56166 1.31 0.39
51576.69303 0.69 0.18
51577.66339 0.48 0.12
51578.71465 1.14 0.2
51579.64447 1.35 0.14
51580.64808 0.57 0.13
51581.67746 1.43 0.17
51582.66827 1.52 0.15
51583.66558 0.65 0.14
51584.66039 0.55 nan
51585.67266 0.85 0.14
51586.67193 1.87 0.18
51587.67931 0.3 0.14
51588.69928 0.55 nan
51589.71782 0.66 0.29
51606.55661 0.35 0.14
51608.52117 0.74 nan
51609.5449 0.5 0.13
51610.54724 0.35 nan
51611.52652 0.4 0.12
51612.5237 0.4 nan
51613.52574 0.18 0.16
51614.52097 0.6 nan
51615.54518 0.79 nan
51631.47844 1.13 nan
51632.5252 0.32 0.14
51658.44648 0.24 0.1
51659.4573 0.32 0.1
51660.47556 0.42 0.16
51661.47499 1.28 0.14
51662.47006 2.2 0.2
51663.48071 3.64 0.24
51664.97538 1.95 0.2
51666.44307 1.32 0.17
51670.50478 1.12 nan
51671.45616 1.22 0.16
51872.7375 1.18 0.27
51873.70947 0.95 0.44
51874.70669 1.36 0.29
51877.71148 0.89 0.22
51878.72035 1.28 0.52
51879.71166 1.14 0.27
51880.70975 0.22 0.17
51881.71117 0.42 0.18
51882.70805 0.81 0.19
51883.71108 0.6 nan
51884.71722 1.16 0.44
51906.71506 0.39 0.13
51926.55848 1.2 0.42
51927.63085 3.19 0.18
51928.65426 1.88 0.14
51929.65844 1.18 0.11
51930.66035 2.33 0.13
51931.68608 3.65 0.17
51932.65002 3.67 0.19
51933.65198 2.46 0.18
51934.64745 1.67 0.14
51935.6569 2.47 0.13
51936.65108 2.26 0.13
51937.64801 1.69 0.13
51938.69227 1.59 0.16
51939.64423 1.65 0.13
51940.64951 5.58 0.19
51941.66331 3.64 0.16
51942.67832 2.84 0.16
51943.70048 1.53 0.16
51944.71486 1.93 0.19
51945.74913 1.68 0.28
51953.5031 1.08 0.51
51954.53065 2.74 0.4
51955.5175 1.38 0.42
51956.59044 2.66 0.15
51957.5875 2.65 0.14
51958.5875 1.09 0.13
51959.56909 1.13 0.12
51960.58021 1.69 0.13
51961.54985 1.08 0.13
51962.56247 0.56 0.1
51963.53171 1.63 0.15
51964.54596 1.46 0.14
51965.56379 6.09 0.23
51966.48393 5.13 0.94
51967.56902 6.37 0.22
51969.10209 4.22 0.19
51984.51465 4.55 0.29
51985.52416 1.15 0.12
51986.54395 0.28 0.09
51987.55884 1.04 0.14
51988.52723 1.01 0.11
51989.55275 5.12 0.21
51990.52095 2.78 0.15
51991.5191 3.77 0.18
51992.51447 7.15 0.22
51993.52228 2.92 0.18
51994.51368 5.23 0.19
51995.48972 5.45 0.22
51997.54191 6.44 0.3
51998.56392 1.28 0.19
51999.56313 2.95 0.35
52014.47374 1.07 0.18
52022.48517 1.32 0.29
52023.4824 0.42 0.19
52026.48464 0.7 nan
52039.40057 0.37 0.24
52040.42129 0.4 0.16
52041.40687 0.52 nan
52042.41885 0.27 0.14
52043.42211 0.35 0.16
52044.42431 0.47 0.15
52047.4105 0.27 0.17
52048.41142 0.21 0.15
52050.40872 0.26 0.18
52051.41641 0.61 0.18
52052.43142 1.43 nan
52053.42457 0.74 0.25
