input/papers/2002/2002AA...393...89A/tev-000049-lc.ecsv
# %ECSV 0.9
# ---
# datatype:
# - {name: time, unit: MJD, datatype: float64}
# - {name: time_min, unit: MJD, datatype: float64}
# - {name: time_max, unit: MJD, datatype: float64}
# - {name: flux, unit: Crab, datatype: float32}
# - {name: flux_err, unit: Crab, datatype: float32}
# meta: !!omap
# - COMMENT: [Mrk 421]
# - {source_id: 49}
# - {telescope: HEGRA_CT_System}
# - {paper_id: 2002A&A...393...89A}
# - {data_id: ADS_Bibcode}
time time_min time_max flux flux_err
51523.74024 51523.74024 -1.0 0.56 -1.0
51527.74167 51527.74167 -1.0 0.24 0.14
51529.72511 51529.72511 -1.0 0.46 -1.0
51530.73795 51530.73795 -1.0 0.23 0.15
51574.56166 51574.56166 -1.0 1.31 0.39
51576.69303 51576.69303 -1.0 0.69 0.18
51577.66339 51577.66339 -1.0 0.48 0.12
51578.71465 51578.71465 -1.0 1.14 0.2
51579.64447 51579.64447 -1.0 1.35 0.14
51580.64808 51580.64808 -1.0 0.57 0.13
51581.67746 51581.67746 -1.0 1.43 0.17
51582.66827 51582.66827 -1.0 1.52 0.15
51583.66558 51583.66558 -1.0 0.65 0.14
51584.66039 51584.66039 -1.0 0.55 -1.0
51585.67266 51585.67266 -1.0 0.85 0.14
51586.67193 51586.67193 -1.0 1.87 0.18
51587.67931 51587.67931 -1.0 0.3 0.14
51588.69928 51588.69928 -1.0 0.55 -1.0
51589.71782 51589.71782 -1.0 0.66 0.29
51606.55661 51606.55661 -1.0 0.35 0.14
51608.52117 51608.52117 -1.0 0.74 -1.0
51609.5449 51609.5449 -1.0 0.5 0.13
51610.54724 51610.54724 -1.0 0.35 -1.0
51611.52652 51611.52652 -1.0 0.4 0.12
51612.5237 51612.5237 -1.0 0.4 -1.0
51613.52574 51613.52574 -1.0 0.18 0.16
51614.52097 51614.52097 -1.0 0.6 -1.0
51615.54518 51615.54518 -1.0 0.79 -1.0
51631.47844 51631.47844 -1.0 1.13 -1.0
51632.5252 51632.5252 -1.0 0.32 0.14
51658.44648 51658.44648 -1.0 0.24 0.1
51659.4573 51659.4573 -1.0 0.32 0.1
51660.47556 51660.47556 -1.0 0.42 0.16
51661.47499 51661.47499 -1.0 1.28 0.14
51662.47006 51662.47006 -1.0 2.2 0.2
51663.48071 51663.48071 -1.0 3.64 0.24
51664.97538 51664.97538 -1.0 1.95 0.2
51666.44307 51666.44307 -1.0 1.32 0.17
51670.50478 51670.50478 -1.0 1.12 -1.0
51671.45616 51671.45616 -1.0 1.22 0.16
51872.7375 51872.7375 -1.0 1.18 0.27
51873.70947 51873.70947 -1.0 0.95 0.44
51874.70669 51874.70669 -1.0 1.36 0.29
51877.71148 51877.71148 -1.0 0.89 0.22
51878.72035 51878.72035 -1.0 1.28 0.52
51879.71166 51879.71166 -1.0 1.14 0.27
51880.70975 51880.70975 -1.0 0.22 0.17
51881.71117 51881.71117 -1.0 0.42 0.18
51882.70805 51882.70805 -1.0 0.81 0.19
51883.71108 51883.71108 -1.0 0.6 -1.0
51884.71722 51884.71722 -1.0 1.16 0.44
51906.71506 51906.71506 -1.0 0.39 0.13
51926.55848 51926.55848 -1.0 1.2 0.42
51927.63085 51927.63085 -1.0 3.19 0.18
51928.65426 51928.65426 -1.0 1.88 0.14
51929.65844 51929.65844 -1.0 1.18 0.11
51930.66035 51930.66035 -1.0 2.33 0.13
51931.68608 51931.68608 -1.0 3.65 0.17
51932.65002 51932.65002 -1.0 3.67 0.19
51933.65198 51933.65198 -1.0 2.46 0.18
51934.64745 51934.64745 -1.0 1.67 0.14
51935.6569 51935.6569 -1.0 2.47 0.13
51936.65108 51936.65108 -1.0 2.26 0.13
51937.64801 51937.64801 -1.0 1.69 0.13
51938.69227 51938.69227 -1.0 1.59 0.16
51939.64423 51939.64423 -1.0 1.65 0.13
51940.64951 51940.64951 -1.0 5.58 0.19
51941.66331 51941.66331 -1.0 3.64 0.16
51942.67832 51942.67832 -1.0 2.84 0.16
51943.70048 51943.70048 -1.0 1.53 0.16
51944.71486 51944.71486 -1.0 1.93 0.19
51945.74913 51945.74913 -1.0 1.68 0.28
51953.5031 51953.5031 -1.0 1.08 0.51
51954.53065 51954.53065 -1.0 2.74 0.4
51955.5175 51955.5175 -1.0 1.38 0.42
51956.59044 51956.59044 -1.0 2.66 0.15
51957.5875 51957.5875 -1.0 2.65 0.14
51958.5875 51958.5875 -1.0 1.09 0.13
51959.56909 51959.56909 -1.0 1.13 0.12
51960.58021 51960.58021 -1.0 1.69 0.13
51961.54985 51961.54985 -1.0 1.08 0.13
51962.56247 51962.56247 -1.0 0.56 0.1
51963.53171 51963.53171 -1.0 1.63 0.15
51964.54596 51964.54596 -1.0 1.46 0.14
51965.56379 51965.56379 -1.0 6.09 0.23
51966.48393 51966.48393 -1.0 5.13 0.94
51967.56902 51967.56902 -1.0 6.37 0.22
51969.10209 51969.10209 -1.0 4.22 0.19
51984.51465 51984.51465 -1.0 4.55 0.29
51985.52416 51985.52416 -1.0 1.15 0.12
51986.54395 51986.54395 -1.0 0.28 0.09
51987.55884 51987.55884 -1.0 1.04 0.14
51988.52723 51988.52723 -1.0 1.01 0.11
51989.55275 51989.55275 -1.0 5.12 0.21
51990.52095 51990.52095 -1.0 2.78 0.15
51991.5191 51991.5191 -1.0 3.77 0.18
51992.51447 51992.51447 -1.0 7.15 0.22
51993.52228 51993.52228 -1.0 2.92 0.18
51994.51368 51994.51368 -1.0 5.23 0.19
51995.48972 51995.48972 -1.0 5.45 0.22
51997.54191 51997.54191 -1.0 6.44 0.3
51998.56392 51998.56392 -1.0 1.28 0.19
51999.56313 51999.56313 -1.0 2.95 0.35
52014.47374 52014.47374 -1.0 1.07 0.18
52022.48517 52022.48517 -1.0 1.32 0.29
52023.4824 52023.4824 -1.0 0.42 0.19
52026.48464 52026.48464 -1.0 0.7 -1.0
52039.40057 52039.40057 -1.0 0.37 0.24
52040.42129 52040.42129 -1.0 0.4 0.16
52041.40687 52041.40687 -1.0 0.52 -1.0
52042.41885 52042.41885 -1.0 0.27 0.14
52043.42211 52043.42211 -1.0 0.35 0.16
52044.42431 52044.42431 -1.0 0.47 0.15
52047.4105 52047.4105 -1.0 0.27 0.17
52048.41142 52048.41142 -1.0 0.21 0.15
52050.40872 52050.40872 -1.0 0.26 0.18
52051.41641 52051.41641 -1.0 0.61 0.18
52052.43142 52052.43142 -1.0 1.43 -1.0
52053.42457 52053.42457 -1.0 0.74 0.25
